// alignID alignOntime alignSitch alignPitch alignOnvel refID refOntime refSitch refPitch refOnvel
0	4.41345	C4	60	59	2	0	C4	60	64	
1	4.4391	G#2	44	36	0	0	G#2	44	64	
2	4.4658	G#3	56	34	1	0	G#3	56	64	
3	5.08655	Eb3	51	33	3	0.4762	Eb3	51	64	
4	5.54275	G#3	56	37	4	0.9524	G#3	56	64	
5	6.03205	Eb3	51	36	5	1.42855	Eb3	51	64	
6	6.50535	Bb3	58	59	8	1.90475	Bb3	58	64	
7	6.52135	C#3	49	43	6	1.90475	C#3	49	64	
8	6.55985	G3	55	37	7	1.90475	G3	55	64	
9	7.0064	Eb3	51	33	9	2.38095	Eb3	51	64	
10	7.5064	G3	55	28	10	2.85715	G3	55	64	
11	7.9808	Eb3	51	36	11	3.33335	Eb3	51	64	
12	8.4594	Eb4	63	63	14	3.8095	Eb4	63	64	
13	8.4893	C3	48	48	12	3.8095	C3	48	64	
14	8.49895	G#3	56	41	13	3.8095	G#3	56	64	
15	8.97755	Eb3	51	42	15	4.2857	Eb3	51	64	
16	9.5011	G#3	56	39	16	4.7619	G#3	56	64	
17	9.98185	Eb3	51	34	17	5.2381	Eb3	51	64	
18	10.4743	Bb3	58	39	19	5.7143	Bb3	58	64	
19	10.485	G2	43	54	18	5.7143	G2	43	64	
20	10.9787	Eb3	51	32	20	6.1905	Eb3	51	64	
21	11.4648	C#4	61	58	22	6.66665	C#4	61	64	
22	11.499	Bb3	58	44	21	6.66665	Bb3	58	64	
23	12.0022	Eb3	51	42	23	7.14285	Eb3	51	64	
24	12.468	C4	60	57	26	7.61905	C4	60	64	
25	12.5011	G#3	56	45	25	7.61905	G#3	56	64	
26	12.515	G#2	44	42	24	7.61905	G#2	44	64	
27	12.985	Eb3	51	31	27	8.09525	Eb3	51	64	
28	13.4306	Eb4	63	64	30	8.57145	Eb4	63	64	
29	13.4594	Bb3	58	51	29	8.57145	Bb3	58	64	
30	13.468	G2	43	57	28	8.57145	G2	43	64	
31	13.9423	Eb3	51	33	31	9.0476	Eb3	51	64	
32	14.4167	G#4	68	67	34	9.5238	G#4	68	64	
33	14.4498	F2	41	47	32	9.5238	F2	41	64	
34	14.453	C4	60	45	33	9.5238	C4	60	64	
35	14.968	G#3	56	42	35	10	G#3	56	64	
36	15.4466	Bb4	70	65	38	10.4762	Bb4	70	64	
37	15.484	F3	53	37	36	10.4762	F3	53	64	
38	15.4925	D4	62	41	37	10.4762	D4	62	64	
39	16.0342	G#3	56	31	39	10.9524	G#3	56	64	
40	16.625	Eb4	63	56	42	11.4285	Eb4	63	64	
41	16.6603	G3	55	38	41	11.4285	G3	55	64	
42	16.687	Eb3	51	35	40	11.4285	Eb3	51	64	
43	17.2126	Bb3	58	35	43	11.9047	Bb3	58	64	
44	17.6913	G3	55	38	44	12.381	G3	55	64	
45	18.1474	Bb3	58	31	45	12.8572	Bb3	58	64	
46	18.6335	G3	55	37	47	13.3333	G3	55	64	
47	18.6357	Eb2	39	43	46	13.3333	Eb2	39	64	
48	19.0962	Bb3	58	37	48	13.8095	Bb3	58	64	
49	19.5706	E4	64	62	50	14.2857	E4	64	64	
50	19.6347	G3	55	36	49	14.2857	G3	55	64	
51	20.0801	Bb3	58	35	51	14.7619	Bb3	58	64	
52	20.5535	F4	65	67	54	15.2381	F4	65	64	
53	20.5812	C#2	37	43	52	15.2381	C#2	37	64	
54	20.6133	G3	55	38	53	15.2381	G3	55	64	
55	21.077	Bb3	58	35	55	15.7143	Bb3	58	64	
56	21.5481	G3	55	36	56	16.1905	G3	55	64	
57	22.0182	Bb3	58	37	57	16.6667	Bb3	58	64	
58	22.5117	Bb3	58	56	60	17.1428	Bb3	58	64	
59	22.5535	G3	55	37	59	17.1428	G3	55	64	
60	22.5706	C#3	49	32	58	17.1428	C#3	49	64	
61	23.0171	Eb3	51	37	61	17.6191	Eb3	51	64	
62	23.547	G3	55	36	62	18.0953	G3	55	64	
63	24.0288	C4	60	53	64	18.5714	C4	60	64	
64	24.0823	Eb3	51	40	63	18.5714	Eb3	51	64	
65	24.2885	C#4	61	61	65	18.8095	C#4	61	64	
66	24.5706	Eb4	63	66	68	19.0476	Eb4	63	64	
67	24.6079	C3	48	42	66	19.0476	C3	48	64	
68	24.6379	G#3	56	33	67	19.0476	G#3	56	64	
69	25.1058	Eb3	51	35	69	19.5238	Eb3	51	64	
70	25.5609	G#3	56	41	70	20	G#3	56	64	
71	26.0748	Eb3	51	37	71	20.4762	Eb3	51	64	
72	26.5962	A3	57	52	74	20.9524	A3	57	64	
73	26.64	Eb3	51	32	73	20.9524	Eb3	51	64	
74	26.6432	F2	41	39	72	20.9524	F2	41	64	
75	27.1047	C3	48	38	75	21.4286	C3	48	64	
76	27.5791	Eb3	51	36	76	21.9047	Eb3	51	64	
77	28.0812	C3	48	37	77	22.3809	C3	48	64	
78	28.6144	C#4	61	59	80	22.8572	C#4	61	64	
79	28.6517	Bb1	34	37	78	22.8572	Bb1	34	64	
80	28.6624	F3	53	38	79	22.8572	F3	53	64	
81	29.1656	C#3	49	29	81	23.3333	C#3	49	64	
82	29.6517	F3	53	39	82	23.8095	F3	53	64	
83	30.1539	C#3	49	40	83	24.2857	C#3	49	64	
84	30.7319	C4	60	53	86	24.7619	C4	60	64	
85	30.7692	Eb2	39	31	84	24.7619	Eb2	39	64	
86	30.7756	C#3	49	32	85	24.7619	C#3	49	64	
87	31.3365	Bb3	58	59	88	25.2381	Bb3	58	64	
88	31.3558	C#3	49	37	87	25.2381	C#3	49	64	
89	31.8323	G#3	56	62	90	25.7143	G#3	56	64	
90	31.8515	C#3	49	34	89	25.7143	C#3	49	64	
91	32.3088	G3	55	62	92	26.1905	G3	55	64	
92	32.3291	C#3	49	41	91	26.1905	C#3	49	64	
93	32.8034	G#1	32	33	93	26.6667	G#1	32	64	
94	32.8622	Bb3	58	63	96	26.6667	Bb3	58	64	
95	32.9017	G3	55	37	95	26.6667	G3	55	64	
96	32.9316	C#3	49	38	94	26.6667	C#3	49	64	
97	33.3751	Eb3	51	35	97	27.1428	Eb3	51	64	
98	33.8815	G#2	44	34	98	27.6191	G#2	44	64	
99	33.8996	C#3	49	35	99	27.6191	C#3	49	64	
100	34.3922	Eb3	51	34	100	28.0953	Eb3	51	64	
101	34.9819	G#3	56	42	103	28.5714	G#3	56	64	
102	35.0054	G#1	32	39	101	28.5714	G#1	32	64	
103	35.016	C3	48	38	102	28.5714	C3	48	64	
104	35.358	Eb3	51	40	104	28.8889	Eb3	51	64	
105	35.7052	G#3	56	55	105	29.2064	G#3	56	64	
106	36.0417	C4	60	48	106	29.5238	C4	60	64	
107	36.3772	Eb4	63	50	107	29.8412	Eb4	63	64	
108	36.7565	G#4	68	55	108	30.1588	G#4	68	64	
109	37.2169	C5	72	66	112	30.4762	C5	72	64	
110	37.2533	G#2	44	35	109	30.4762	G#2	44	64	
111	37.2533	G#3	56	36	110	30.4762	G#3	56	64	
112	37.2554	C4	60	47	111	30.4762	C4	60	64	
113	37.8237	Eb4	63	35	114	30.9524	Eb4	63	64	
114	37.8344	Eb3	51	35	113	30.9524	Eb3	51	64	
115	37.9103	Eb4	63	3	*	-1	*	-1	-1	
116	38.2682	G#3	56	37	115	31.4286	G#3	56	64	
117	38.2906	C4	60	37	116	31.4286	C4	60	64	
118	38.766	Eb4	63	44	118	31.9047	Eb4	63	64	
119	38.7906	Eb3	51	34	117	31.9047	Eb3	51	64	
120	39.2458	Bb4	70	64	122	32.3809	Bb4	70	64	
121	39.2522	C#3	49	49	119	32.3809	C#3	49	64	
122	39.2767	Bb3	58	43	121	32.3809	Bb3	58	64	
123	39.2853	G3	55	36	120	32.3809	G3	55	64	
124	39.7522	Eb4	63	44	124	32.8571	Eb4	63	64	
125	39.7607	Eb3	51	38	123	32.8571	Eb3	51	64	
126	40.2191	Bb3	58	39	126	33.3334	Bb3	58	64	
127	40.2469	G3	55	39	125	33.3334	G3	55	64	
128	40.7404	Eb4	63	33	128	33.8096	Eb4	63	64	
129	40.7458	Eb3	51	35	127	33.8096	Eb3	51	64	
130	41.2404	Eb5	75	72	132	34.2857	Eb5	75	64	
131	41.266	Eb4	63	46	131	34.2857	Eb4	63	64	
132	41.2692	G#3	56	38	130	34.2857	G#3	56	64	
133	41.2746	C3	48	48	129	34.2857	C3	48	64	
134	41.7789	G#4	68	37	134	34.7619	G#4	68	64	
135	41.8088	Eb3	51	30	133	34.7619	Eb3	51	64	
136	42.2447	Eb4	63	43	136	35.2381	Eb4	63	64	
137	42.264	G#3	56	38	135	35.2381	G#3	56	64	
138	42.7511	Eb3	51	38	137	35.7143	Eb3	51	64	
139	42.7554	G#4	68	42	138	35.7143	G#4	68	64	
140	43.2405	Eb4	63	45	141	36.1905	Eb4	63	64	
141	43.2479	G3	55	53	140	36.1905	G3	55	64	
142	43.2522	G2	43	53	139	36.1905	G2	43	64	
143	43.749	Bb4	70	49	143	36.6666	Bb4	70	64	
144	43.7607	Eb3	51	32	142	36.6666	Eb3	51	64	
145	44.2458	C#5	73	67	146	37.1429	C#5	73	64	
146	44.2746	G3	55	45	144	37.1429	G3	55	64	
147	44.2746	Eb4	63	45	145	37.1429	Eb4	63	64	
148	44.7447	Bb4	70	43	148	37.6191	Bb4	70	64	
149	44.812	Eb3	51	27	147	37.6191	Eb3	51	64	
150	45.233	C5	72	62	152	38.0953	C5	72	64	
151	45.2597	G#2	44	43	149	38.0953	G#2	44	64	
152	45.2672	G#3	56	51	150	38.0953	G#3	56	64	
153	45.2714	Eb4	63	44	151	38.0953	Eb4	63	64	
154	45.3451	Eb4	63	20	*	-1	*	-1	-1	
155	45.7437	G#4	68	48	154	38.5714	G#4	68	64	
156	45.7704	Eb3	51	36	153	38.5714	Eb3	51	64	
157	46.2159	Eb5	75	75	158	39.0476	Eb5	75	64	
158	46.2437	G2	43	56	155	39.0476	G2	43	64	
159	46.2437	G3	55	52	156	39.0476	G3	55	64	
160	46.2501	Eb4	63	48	157	39.0476	Eb4	63	64	
161	46.3024	Eb4	63	15	*	-1	*	-1	-1	
162	46.7212	Bb4	70	51	160	39.5238	Bb4	70	64	
163	46.7575	Eb3	51	37	159	39.5238	Eb3	51	64	
164	47.2009	G#5	80	77	164	40	G#5	80	64	
165	47.218	F2	41	52	161	40	F2	41	64	
166	47.2212	F3	53	49	162	40	F3	53	64	
167	47.2319	G#4	68	53	163	40	G#4	68	64	
168	47.6934	G#2	44	34	165	40.4762	G#2	44	64	
169	47.7019	C5	72	44	166	40.4762	C5	72	64	
170	48.2169	Bb5	82	72	170	40.9524	Bb5	82	64	
171	48.2383	G#4	68	51	169	40.9524	G#4	68	64	
172	48.2437	F2	41	41	167	40.9524	F2	41	64	
173	48.2533	F3	53	42	168	40.9524	F3	53	64	
174	48.7874	G#2	44	38	171	41.4286	G#2	44	64	
175	48.8088	D5	74	37	172	41.4286	D5	74	64	
176	49.3954	Eb5	75	61	175	41.9047	Eb5	75	64	
177	49.4028	Eb2	39	37	173	41.9047	Eb2	39	64	
178	49.4316	G4	67	35	174	41.9047	G4	67	64	
179	49.5086	G4	67	3	*	-1	*	-1	-1	
180	49.9744	G2	43	27	176	42.3809	G2	43	64	
181	49.9958	Bb4	70	47	177	42.3809	Bb4	70	64	
182	50.4391	Bb2	46	45	178	42.8571	Bb2	46	64	
183	50.4413	G4	67	47	179	42.8571	G4	67	64	
184	50.9274	Eb3	51	47	180	43.3334	Eb3	51	64	
185	50.9349	Bb4	70	40	181	43.3334	Bb4	70	64	
186	51.4093	G4	67	46	183	43.8096	G4	67	64	
187	51.4103	G3	55	48	182	43.8096	G3	55	64	
188	51.8911	Bb3	58	45	184	44.2857	Bb3	58	64	
189	51.9029	Bb4	70	44	185	44.2857	Bb4	70	64	
190	52.3772	E5	76	73	188	44.7619	E5	76	64	
191	52.4188	G4	67	38	187	44.7619	G4	67	64	
192	52.4231	G3	55	40	186	44.7619	G3	55	64	
193	52.8633	Bb4	70	41	190	45.2381	Bb4	70	64	
194	52.9017	Bb3	58	37	189	45.2381	Bb3	58	64	
195	53.4231	F5	77	72	193	45.7143	F5	77	64	
196	53.4445	C#2	37	40	191	45.7143	C#2	37	64	
197	53.4648	G4	67	37	192	45.7143	G4	67	64	
198	54.0043	Bb4	70	40	195	46.1905	Bb4	70	64	
199	54.0076	G2	43	34	194	46.1905	G2	43	64	
200	54.4744	Bb2	46	43	196	46.6666	Bb2	46	64	
201	54.4744	G4	67	40	197	46.6666	G4	67	64	
202	54.9605	C#3	49	40	198	47.1429	C#3	49	64	
203	54.9744	Bb4	70	44	199	47.1429	Bb4	70	64	
204	55.4659	G3	55	36	200	47.6191	G3	55	64	
205	55.4744	Bb4	70	64	202	47.6191	Bb4	70	64	
206	55.5108	G4	67	48	201	47.6191	G4	67	64	
207	55.9841	Bb3	58	35	203	48.0953	Bb3	58	64	
208	56.0161	Eb4	63	40	204	48.0953	Eb4	63	64	
209	56.4883	G4	67	42	206	48.5714	G4	67	64	
210	56.5054	G3	55	40	205	48.5714	G3	55	64	
211	56.9958	C5	72	64	209	49.0476	C5	72	64	
212	57.0343	C#3	49	35	207	49.0476	C#3	49	64	
213	57.0545	Eb4	63	42	208	49.0476	Eb4	63	64	
214	57.2747	C#5	73	64	210	49.2857	C#5	73	64	
215	57.5567	Eb5	75	72	213	49.5238	Eb5	75	64	
216	57.5759	C3	48	43	211	49.5238	C3	48	64	
217	57.624	G#4	68	35	212	49.5238	G#4	68	64	
218	58.1443	Eb4	63	37	215	50	Eb4	63	64	
219	58.1529	Eb3	51	27	214	50	Eb3	51	64	
220	58.2319	Eb4	63	3	*	-1	*	-1	-1	
221	58.6155	G#4	68	44	217	50.4762	G#4	68	64	
222	58.6208	C3	48	36	216	50.4762	C3	48	64	
223	59.1165	Eb4	63	40	219	50.9524	Eb4	63	64	
224	59.1197	Eb3	51	35	218	50.9524	Eb3	51	64	
225	59.6261	A4	69	57	223	51.4286	A4	69	64	
226	59.6454	F2	41	28	220	51.4286	F2	41	64	
227	59.6475	Eb4	63	38	222	51.4286	Eb4	63	64	
228	59.67	C3	48	36	221	51.4286	C3	48	64	
229	60.1486	C4	60	37	225	51.9047	C4	60	64	
230	60.1529	F3	53	31	224	51.9047	F3	53	64	
231	60.6571	C3	48	39	226	52.3809	C3	48	64	
232	60.6624	Eb4	63	33	227	52.3809	Eb4	63	64	
233	61.1529	C4	60	32	229	52.8571	C4	60	64	
234	61.1571	F3	53	35	228	52.8571	F3	53	64	
235	61.6731	C#5	73	61	233	53.3334	C#5	73	64	
236	61.703	Bb2	46	35	230	53.3334	Bb2	46	64	
237	61.7084	F4	65	37	232	53.3334	F4	65	64	
238	61.7159	C#3	49	33	231	53.3334	C#3	49	64	
239	62.1966	C#4	61	44	235	53.8096	C#4	61	64	
240	62.2148	F3	53	31	234	53.8096	F3	53	64	
241	62.6988	F4	65	39	237	54.2857	F4	65	64	
242	62.7062	C#3	49	31	236	54.2857	C#3	49	64	
243	63.1934	C#4	61	38	239	54.7619	C#4	61	64	
244	63.2137	F3	53	32	238	54.7619	F3	53	64	
245	63.7458	C5	72	61	243	55.2381	C5	72	64	
246	63.7672	Eb2	39	26	240	55.2381	Eb2	39	64	
247	63.78	C#4	61	38	242	55.2381	C#4	61	64	
248	63.7918	Bb2	46	31	241	55.2381	Bb2	46	64	
249	64.3547	Bb4	70	63	246	55.7143	Bb4	70	64	
250	64.3676	Eb3	51	26	244	55.7143	Eb3	51	64	
251	64.3953	C#4	61	34	245	55.7143	C#4	61	64	
252	64.4851	Eb3	51	3	*	-1	*	-1	-1	
253	64.8665	G#4	68	65	249	56.1905	G#4	68	64	
254	64.8858	C#4	61	39	248	56.1905	C#4	61	64	
255	64.8879	Bb2	46	35	247	56.1905	Bb2	46	64	
256	65.358	G4	67	63	252	56.6666	G4	67	64	
257	65.3879	Eb3	51	31	250	56.6666	Eb3	51	64	
258	65.3911	C#4	61	45	251	56.6666	C#4	61	64	
259	65.9146	G#2	44	14	253	57.1429	G#2	44	64	
260	65.9434	Bb4	70	69	255	57.1429	Bb4	70	64	
261	65.9733	C#4	61	39	254	57.1429	C#4	61	64	
262	65.9861	G4	67	37	*	-1	*	-1	-1	
263	66.4669	Eb4	63	34	257	57.6191	Eb4	63	64	
264	66.5172	Eb3	51	27	256	57.6191	Eb3	51	64	
265	67.0086	G3	55	35	258	58.0953	G3	55	64	
266	67.015	C#4	61	34	259	58.0953	C#4	61	64	
267	67.5439	Eb4	63	29	261	58.5714	Eb4	63	64	
268	67.5546	Eb3	51	26	260	58.5714	Eb3	51	64	
269	68.2041	G#4	68	44	264	59.0476	G#4	68	64	
270	68.2351	C4	60	32	263	59.0476	C4	60	64	
271	68.2415	G#3	56	23	262	59.0476	G#3	56	64	
272	70.2223	C4	60	42	265	60.4762	C4	60	64	
273	70.4862	C5	72	61	266	60.9524	C5	72	64	
274	70.9327	C4	60	30	267	61.4286	C4	60	64	
275	71.39	C4	60	38	268	61.9047	C4	60	64	
276	71.8377	C4	60	40	269	62.3809	C4	60	64	
277	72.295	C4	60	42	270	62.8571	C4	60	64	
278	72.7458	G#5	80	68	272	63.3334	G#5	80	64	
279	72.7725	C4	60	45	271	63.3334	C4	60	64	
280	73.1849	G5	79	72	274	63.8096	G5	79	64	
281	73.2095	C4	60	45	273	63.8096	C4	60	64	
282	73.6358	F5	77	72	276	64.2857	F5	77	64	
283	73.6593	C4	60	41	275	64.2857	C4	60	64	
284	74.1187	C6	84	74	280	64.7619	C6	84	64	
285	74.1197	C4	60	32	279	64.7619	C4	60	64	
286	74.1401	E3	52	42	277	64.7619	E3	52	64	
287	74.1593	G3	55	36	278	64.7619	G3	55	64	
288	74.5952	E3	52	31	281	65.2381	E3	52	64	
289	74.6005	G3	55	40	282	65.2381	G3	55	64	
290	74.6047	C4	60	48	283	65.2381	C4	60	64	
291	75.03	E3	52	52	284	65.7143	E3	52	64	
292	75.03	G3	55	41	285	65.7143	G3	55	64	
293	75.031	C4	60	49	286	65.7143	C4	60	64	
294	75.4627	C4	60	57	289	66.1905	C4	60	64	
295	75.4648	G3	55	41	288	66.1905	G3	55	64	
296	75.4733	E3	52	47	287	66.1905	E3	52	64	
297	75.9306	C4	60	55	292	66.6667	C4	60	64	
298	75.9349	F3	53	49	290	66.6667	F3	53	64	
299	75.9434	G#3	56	46	291	66.6667	G#3	56	64	
300	76.373	G#5	80	67	296	67.1428	G#5	80	64	
301	76.3783	C4	60	53	295	67.1428	C4	60	64	
302	76.3847	F3	53	51	293	67.1428	F3	53	64	
303	76.3847	G#3	56	43	294	67.1428	G#3	56	64	
304	76.8163	G5	79	78	300	67.6191	G5	79	64	
305	76.8227	G#3	56	40	298	67.6191	G#3	56	64	
306	76.8302	C4	60	48	299	67.6191	C4	60	64	
307	76.8409	F3	53	38	297	67.6191	F3	53	64	
308	77.2586	F5	77	81	304	68.0952	F5	77	64	
309	77.281	C4	60	53	303	68.0952	C4	60	64	
310	77.2853	F3	53	36	301	68.0952	F3	53	64	
311	77.2875	G#3	56	37	302	68.0952	G#3	56	64	
312	77.7383	E4	64	53	307	68.5714	E4	64	64	
313	77.7437	C5	72	73	308	68.5714	C5	72	64	
314	77.7757	Bb3	58	37	306	68.5714	Bb3	58	64	
315	77.7789	G3	55	31	305	68.5714	G3	55	64	
316	78.1892	E4	64	50	311	69.0476	E4	64	64	
317	78.2138	Bb3	58	44	310	69.0476	Bb3	58	64	
318	78.2255	G3	55	55	309	69.0476	G3	55	64	
319	78.6315	E4	64	61	314	69.5238	E4	64	64	
320	78.6646	G3	55	50	312	69.5238	G3	55	64	
321	78.6678	Bb3	58	41	313	69.5238	Bb3	58	64	
322	79.0663	E4	64	64	317	70	E4	64	64	
323	79.0802	Bb3	58	41	316	70	Bb3	58	64	
324	79.0855	G3	55	48	315	70	G3	55	64	
325	79.5065	F4	65	63	320	70.4762	F4	65	64	
326	79.5257	G#3	56	51	318	70.4762	G#3	56	64	
327	79.5417	C4	60	45	319	70.4762	C4	60	64	
328	79.9498	G#5	80	75	324	70.9524	G#5	80	64	
329	79.9574	F4	65	56	323	70.9524	F4	65	64	
330	79.9638	G#3	56	38	321	70.9524	G#3	56	64	
331	79.9745	C4	60	31	322	70.9524	C4	60	64	
332	80.3858	G5	79	77	328	71.4286	G5	79	64	
333	80.3943	F4	65	63	327	71.4286	F4	65	64	
334	80.421	G#3	56	48	325	71.4286	G#3	56	64	
335	80.4232	C4	60	41	326	71.4286	C4	60	64	
336	80.8291	F5	77	83	332	71.9048	F5	77	64	
337	80.8441	F4	65	51	331	71.9048	F4	65	64	
338	80.8495	C4	60	53	330	71.9048	C4	60	64	
339	80.8548	G#3	56	49	329	71.9048	G#3	56	64	
340	81.3013	G#4	68	55	335	72.3809	G#4	68	64	
341	81.3024	Eb5	75	75	336	72.3809	Eb5	75	64	
342	81.3227	Bb3	58	43	333	72.3809	Bb3	58	64	
343	81.3388	F4	65	42	334	72.3809	F4	65	64	
344	81.7501	G#4	68	54	339	72.8572	G#4	68	64	
345	81.7565	F4	65	28	338	72.8572	F4	65	64	
346	81.7832	Bb3	58	58	337	72.8572	Bb3	58	64	
347	82.2116	G#4	68	52	342	73.3333	G#4	68	64	
348	82.2233	D5	74	77	343	73.3333	D5	74	64	
349	82.2309	Bb3	58	37	340	73.3333	Bb3	58	64	
350	82.233	F4	65	42	341	73.3333	F4	65	64	
351	82.6667	F4	65	28	345	73.8096	F4	65	64	
352	82.6753	Bb3	58	43	344	73.8096	Bb3	58	64	
353	82.6806	G#4	68	52	346	73.8096	G#4	68	64	
354	83.1251	G#4	68	52	349	74.2857	G#4	68	64	
355	83.1283	B3	59	53	347	74.2857	B3	59	64	
356	83.1496	F4	65	56	348	74.2857	F4	65	64	
357	83.562	G#4	68	45	353	74.6428	D5	74	64	
358	83.5738	F4	65	27	355	74.7619	F4	65	64	
359	83.5909	B3	59	47	354	74.7619	B3	59	64	
360	83.6689	Eb5	75	62	357	74.7619	Eb5	75	64	
361	83.7661	D5	74	74	358	74.8809	D5	74	64	
362	83.8687	C5	72	73	359	75	C5	72	64	
363	83.9627	D5	74	72	360	75.1191	D5	74	64	
364	84.0556	B3	59	34	361	75.2381	B3	59	64	
365	84.0717	G#4	68	53	363	75.2381	G#4	68	64	
366	84.0845	D4	62	41	362	75.2381	D4	62	64	
367	84.1026	F5	77	80	364	75.2381	F5	77	64	
368	84.4595	G#4	68	34	367	75.7143	G#4	68	64	
369	84.4691	D4	62	30	366	75.7143	D4	62	64	
370	84.4755	B3	59	47	365	75.7143	B3	59	64	
371	84.7287	Eb5	75	69	368	75.9524	Eb5	75	64	
372	85.0087	G4	67	41	371	76.1905	G4	67	64	
373	85.0364	C4	60	30	369	76.1905	C4	60	64	
374	85.0471	Eb4	63	22	370	76.1905	Eb4	63	64	
375	85.0748	Eb5	75	67	372	76.1905	Eb5	75	64	
376	85.4947	Eb4	63	24	374	76.6667	Eb4	63	64	
377	85.4958	G4	67	35	375	76.6667	G4	67	64	
378	85.5001	C4	60	23	373	76.6667	C4	60	64	
379	85.936	Eb4	63	34	377	77.1428	Eb4	63	64	
380	85.936	G4	67	38	378	77.1428	G4	67	64	
381	85.9392	C4	60	40	376	77.1428	C4	60	64	
382	86.3932	G4	67	50	381	77.6191	G4	67	64	
383	86.3975	Eb4	63	34	380	77.6191	Eb4	63	64	
384	86.4007	C4	60	46	379	77.6191	C4	60	64	
385	86.8654	Eb4	63	26	383	78.0952	Eb4	63	64	
386	86.8847	F4	65	66	385	78.2103	F4	65	64	
387	86.9029	G#3	56	39	382	78.0952	G#3	56	64	
388	87.3196	Eb4	63	43	389	78.5714	Eb4	63	64	
389	87.3441	G#3	56	37	388	78.5714	G#3	56	64	
390	87.8003	Eb4	63	38	391	79.0476	Eb4	63	64	
391	87.8035	G#3	56	40	390	79.0476	G#3	56	64	
392	87.873	G4	67	46	393	79.127	G4	67	64	
393	87.9392	F4	65	61	394	79.2064	F4	65	64	
394	88.0556	E4	64	53	395	79.2857	E4	64	64	
395	88.123	F4	65	60	396	79.4048	F4	65	64	
396	88.2469	G#3	56	37	397	79.5238	G#3	56	64	
397	88.2629	Eb4	63	37	398	79.5238	Eb4	63	64	
398	88.2639	G#4	68	66	399	79.5238	G#4	68	64	
399	88.4916	C5	72	59	400	79.7619	C5	72	64	
400	88.6763	B4	71	62	401	80	B4	71	64	
401	88.7426	C5	72	61	402	80.0357	C5	72	64	
402	88.8238	D5	74	62	403	80.0754	D5	74	64	
403	88.9296	C5	72	76	404	80.1191	C5	72	64	
404	89.1892	Bb4	70	78	405	80.2381	Bb4	70	64	
405	89.4638	G4	67	36	408	80.4762	G4	67	64	
406	89.4723	G5	79	73	409	80.4762	G5	79	64	
407	89.4937	Bb3	58	26	406	80.4762	Bb3	58	64	
408	89.4937	Eb4	63	23	407	80.4762	Eb4	63	64	
409	89.921	G4	67	42	412	80.9524	G4	67	64	
410	89.9349	Bb3	58	43	410	80.9524	Bb3	58	64	
411	89.936	Eb4	63	37	411	80.9524	Eb4	63	64	
412	90.3986	F5	77	66	416	81.4286	F5	77	64	
413	90.4103	Bb3	58	30	413	81.4286	Bb3	58	64	
414	90.4306	Eb4	63	25	414	81.4286	Eb4	63	64	
415	90.4339	G4	67	38	415	81.4286	G4	67	64	
416	90.656	Eb5	75	71	417	81.6667	Eb5	75	64	
417	90.9082	D5	74	71	418	81.9048	D5	74	64	
418	91.1272	C5	72	72	419	82.1428	C5	72	64	
419	91.3633	Bb2	46	37	420	82.3809	Bb2	46	64	
420	91.3687	G#3	56	33	422	82.3809	G#3	56	64	
421	91.373	Bb4	70	67	423	82.3809	Bb4	70	64	
422	91.3901	D3	50	31	421	82.3809	D3	50	64	
423	91.6026	A4	69	65	424	82.6191	A4	69	64	
424	91.8623	C5	72	68	428	82.8572	C5	72	64	
425	91.8708	Bb2	46	38	425	82.8572	Bb2	46	64	
426	91.8708	G#3	56	23	427	82.8572	G#3	56	64	
427	91.8847	D3	50	19	426	82.8572	D3	50	64	
428	92.1112	Bb4	70	63	429	83.0952	Bb4	70	64	
429	92.3815	G#3	56	22	432	83.3333	G#3	56	64	
430	92.3879	G#4	68	52	433	83.3333	G#4	68	64	
431	92.3932	Bb2	46	23	430	83.3333	Bb2	46	64	
432	92.405	D3	50	15	431	83.3333	D3	50	64	
433	92.6828	F4	65	49	434	83.5714	F4	65	64	
434	93.0589	Eb4	63	37	437	83.8096	Eb4	63	64	
435	93.0653	G3	55	27	436	83.8096	G3	55	64	
436	93.0706	Eb3	51	27	435	83.8096	Eb3	51	64	
437	94.6956	Bb3	58	52	438	85.2381	Bb3	58	64	
438	95.311	G3	55	55	439	85.7143	G3	55	64	
439	95.7971	Bb3	58	57	440	86.1905	Bb3	58	64	
440	96.2501	G3	55	68	441	86.6667	G3	55	64	
441	96.7127	Eb3	51	71	442	87.1428	Eb3	51	64	
442	97.2095	G#3	56	60	446	87.6191	G#3	56	64	
443	97.2234	F3	53	48	445	87.6191	F3	53	64	
444	97.234	Eb3	51	50	444	87.6191	Eb3	51	64	
445	97.2501	Bb1	34	47	443	87.6191	Bb1	34	64	
446	97.8238	D3	50	51	447	88.0952	D3	50	64	
447	98.2352	G#3	56	61	450	88.5714	G#3	56	64	
448	98.248	F3	53	49	449	88.5714	F3	53	64	
449	98.2704	D3	50	57	448	88.5714	D3	50	64	
450	98.7276	C3	48	54	451	89.0476	C3	48	64	
451	99.1443	C3	48	61	452	89.5238	C3	48	64	
452	99.1518	G#3	56	58	454	89.5238	G#3	56	64	
453	99.1657	F3	53	57	453	89.5238	F3	53	64	
454	99.6401	B2	47	43	455	90	B2	47	64	
455	100.108	B2	47	66	456	90.4762	B2	47	64	
456	100.124	G#3	56	51	459	90.4762	G#3	56	64	
457	100.167	D3	50	37	457	90.4762	D3	50	64	
458	100.175	F3	53	31	458	90.4762	F3	53	64	
459	100.624	Bb2	46	54	460	90.9524	Bb2	46	64	
460	101.211	G3	55	47	464	91.4286	G3	55	64	
461	101.222	Bb2	46	37	462	91.4286	Bb2	46	64	
462	101.234	Eb3	51	43	463	91.4286	Eb3	51	64	
463	101.25	Eb2	39	35	461	91.4286	Eb2	39	64	
464	102.734	Bb2	46	57	465	92.8572	Bb2	46	64	
465	103.306	G2	43	64	466	93.3333	G2	43	64	
466	103.798	Bb2	46	66	467	93.8096	Bb2	46	64	
467	104.259	G2	43	54	468	94.2857	G2	43	64	
468	104.261	Bb3	58	70	469	94.2857	Bb3	58	64	
469	104.737	Eb2	39	60	470	94.7619	Eb2	39	64	
470	104.99	Eb4	63	67	471	95	Eb4	63	64	
471	105.3	Eb4	63	70	475	95.2381	Eb4	63	64	
472	105.308	Bb1	34	46	472	95.2381	Bb1	34	64	
473	105.348	F3	53	46	473	95.2381	F3	53	64	
474	105.351	G#3	56	48	474	95.2381	G#3	56	64	
475	105.879	D4	62	55	476	95.7143	D4	62	64	
476	106.303	D4	62	70	477	96.1905	D4	62	64	
477	106.761	C4	60	63	478	96.6667	C4	60	64	
478	107.213	C4	60	73	482	97.1428	C4	60	64	
479	107.248	Bb2	46	48	479	97.1428	Bb2	46	64	
480	107.249	F3	53	50	480	97.1428	F3	53	64	
481	107.261	G#3	56	49	481	97.1428	G#3	56	64	
482	107.73	B3	59	65	483	97.6191	B3	59	64	
483	108.161	B3	59	67	484	98.0952	B3	59	64	
484	108.666	Bb3	58	67	485	98.5714	Bb3	58	64	
485	109.208	F3	53	68	487	99.0476	F3	53	64	
486	109.213	Bb3	58	65	489	99.0476	Bb3	58	64	
487	109.236	G3	55	50	488	99.0476	G3	55	64	
488	109.28	Eb2	39	41	486	99.0476	Eb2	39	64	
489	109.865	E3	52	63	490	99.5238	E3	52	64	
490	110.332	E3	52	62	491	100	E3	52	64	
491	110.816	Eb3	51	53	492	100.476	Eb3	51	64	
492	111.266	Eb3	51	52	493	100.952	Eb3	51	64	
493	111.78	D3	50	44	494	101.429	D3	50	64	
494	112.202	D3	50	54	495	101.905	D3	50	64	
495	112.703	Eb3	51	44	496	102.381	Eb3	51	64	
496	113.172	Eb3	51	57	497	102.857	Eb3	51	64	
497	113.697	E3	52	48	498	103.333	E3	52	64	
498	114.16	E3	52	47	499	103.81	E3	52	64	
499	114.651	Eb3	51	39	500	104.286	Eb3	51	64	
500	115.124	Eb3	51	40	501	104.762	Eb3	51	64	
501	115.632	D3	50	38	502	105.238	D3	50	64	
502	116.139	D3	50	36	503	105.714	D3	50	64	
503	116.684	C#3	49	40	504	106.191	C#3	49	64	
504	117.329	C4	60	50	509	106.667	C4	60	64	
505	117.345	G#2	44	30	506	106.667	G#2	44	64	
506	117.356	G#1	32	29	505	106.667	G#1	32	64	
507	117.392	C3	48	35	507	106.667	C3	48	64	
508	117.397	G#3	56	22	508	106.667	G#3	56	64	
509	117.474	C3	48	3	*	-1	*	-1	-1	
510	117.974	Eb3	51	26	510	107.143	Eb3	51	64	
511	118.412	G#3	56	35	511	107.619	G#3	56	64	
512	118.889	Eb3	51	44	512	108.095	Eb3	51	64	
513	119.344	Bb3	58	59	515	108.571	Bb3	58	64	
514	119.375	C#3	49	43	513	108.571	C#3	49	64	
515	119.395	G3	55	37	514	108.571	G3	55	64	
516	119.838	Eb3	51	35	516	109.048	Eb3	51	64	
517	120.289	G3	55	38	517	109.524	G3	55	64	
518	120.763	Eb3	51	41	518	110	Eb3	51	64	
519	121.212	Eb4	63	63	521	110.476	Eb4	63	64	
520	121.254	C3	48	42	519	110.476	C3	48	64	
521	121.259	G#3	56	42	520	110.476	G#3	56	64	
522	121.74	Eb3	51	35	522	110.952	Eb3	51	64	
523	122.184	G#3	56	39	523	111.429	G#3	56	64	
524	122.656	Eb3	51	29	524	111.905	Eb3	51	64	
525	123.125	Bb3	58	38	526	112.381	Bb3	58	64	
526	123.136	G2	43	53	525	112.381	G2	43	64	
527	123.615	Eb3	51	36	527	112.857	Eb3	51	64	
528	124.08	C#4	61	59	529	113.333	C#4	61	64	
529	124.119	Bb3	58	38	528	113.333	Bb3	58	64	
530	124.555	Eb3	51	29	530	113.81	Eb3	51	64	
531	125.048	C4	60	57	533	114.286	C4	60	64	
532	125.081	G#2	44	46	531	114.286	G#2	44	64	
533	125.081	G#3	56	45	532	114.286	G#3	56	64	
534	125.533	Eb3	51	46	534	114.762	Eb3	51	64	
535	125.997	Eb4	63	68	537	115.238	Eb4	63	64	
536	126.031	G2	43	52	535	115.238	G2	43	64	
537	126.041	Bb3	58	45	536	115.238	Bb3	58	64	
538	126.467	Eb3	51	39	538	115.714	Eb3	51	64	
539	126.948	G#4	68	66	541	116.191	G#4	68	64	
540	126.96	F2	41	47	539	116.191	F2	41	64	
541	126.98	C4	60	44	540	116.191	C4	60	64	
542	127.453	G#3	56	47	542	116.667	G#3	56	64	
543	127.955	Bb4	70	62	545	117.143	Bb4	70	64	
544	128.003	D4	62	45	544	117.143	D4	62	64	
545	128.011	F3	53	40	543	117.143	F3	53	64	
546	128.483	G#3	56	29	546	117.619	G#3	56	64	
547	129.058	Eb4	63	51	549	118.095	Eb4	63	64	
548	129.096	Eb3	51	38	547	118.095	Eb3	51	64	
549	129.097	G3	55	39	548	118.095	G3	55	64	
550	129.679	Bb3	58	29	550	118.571	Bb3	58	64	
551	130.149	G3	55	29	551	119.048	G3	55	64	
552	130.609	Bb3	58	34	552	119.524	Bb3	58	64	
553	131.091	Eb2	39	47	553	120	Eb2	39	64	
554	131.095	G3	55	33	554	120	G3	55	64	
555	131.547	Bb3	58	38	555	120.476	Bb3	58	64	
556	132.094	E4	64	61	557	120.952	E4	64	64	
557	132.162	G3	55	32	556	120.952	G3	55	64	
558	132.258	G3	55	4	*	-1	*	-1	-1	
559	132.603	Bb3	58	39	558	121.429	Bb3	58	64	
560	133.094	F4	65	63	561	121.905	F4	65	64	
561	133.108	C#2	37	42	559	121.905	C#2	37	64	
562	133.147	G3	55	33	560	121.905	G3	55	64	
563	133.618	Bb3	58	38	562	122.381	Bb3	58	64	
564	134.103	G3	55	36	563	122.857	G3	55	64	
565	134.567	Bb3	58	41	564	123.333	Bb3	58	64	
566	135.08	Bb3	58	61	567	123.81	Bb3	58	64	
567	135.134	G3	55	37	566	123.81	G3	55	64	
568	135.138	C#3	49	35	565	123.81	C#3	49	64	
569	135.596	Eb3	51	32	568	124.286	Eb3	51	64	
570	136.104	G3	55	38	569	124.762	G3	55	64	
571	136.619	C4	60	50	571	125.238	C4	60	64	
572	136.652	Eb3	51	29	570	125.238	Eb3	51	64	
573	136.86	C#4	61	60	572	125.476	C#4	61	64	
574	137.143	Eb4	63	69	575	125.714	Eb4	63	64	
575	137.18	C3	48	34	573	125.714	C3	48	64	
576	137.196	G#3	56	39	574	125.714	G#3	56	64	
577	137.667	Eb3	51	34	576	126.191	Eb3	51	64	
578	138.105	G#3	56	39	577	126.667	G#3	56	64	
579	138.615	Eb3	51	36	578	127.143	Eb3	51	64	
580	139.098	A3	57	53	581	127.619	A3	57	64	
581	139.124	Eb3	51	37	580	127.619	Eb3	51	64	
582	139.133	F2	41	37	579	127.619	F2	41	64	
583	139.604	C3	48	35	582	128.095	C3	48	64	
584	140.073	Eb3	51	38	583	128.571	Eb3	51	64	
585	140.546	C3	48	38	584	129.048	C3	48	64	
586	141.062	C#4	61	57	587	129.524	C#4	61	64	
587	141.08	Bb1	34	42	585	129.524	Bb1	34	64	
588	141.095	F3	53	40	586	129.524	F3	53	64	
589	141.633	C#3	49	31	588	130	C#3	49	64	
590	142.094	F3	53	41	589	130.476	F3	53	64	
591	142.571	C#3	49	37	590	130.952	C#3	49	64	
592	143.128	C4	60	55	593	131.429	C4	60	64	
593	143.164	Eb2	39	32	591	131.429	Eb2	39	64	
594	143.176	C#3	49	28	592	131.429	C#3	49	64	
595	143.687	Bb3	58	60	595	131.905	Bb3	58	64	
596	143.722	C#3	49	38	594	131.905	C#3	49	64	
597	144.172	G#3	56	61	597	132.381	G#3	56	64	
598	144.197	C#3	49	35	596	132.381	C#3	49	64	
599	144.667	G3	55	63	599	132.857	G3	55	64	
600	144.696	C#3	49	35	598	132.857	C#3	49	64	
601	145.135	G#1	32	27	600	133.333	G#1	32	64	
602	145.21	Bb3	58	63	603	133.333	Bb3	58	64	
603	145.218	G3	55	37	602	133.333	G3	55	64	
604	145.245	C#3	49	44	601	133.333	C#3	49	64	
605	145.73	Eb3	51	43	604	133.81	Eb3	51	64	
606	146.244	G#2	44	37	605	134.286	G#2	44	64	
607	146.246	C#3	49	32	606	134.286	C#3	49	64	
608	146.768	Eb3	51	37	607	134.762	Eb3	51	64	
609	147.382	G#3	56	41	610	135.238	G#3	56	64	
610	147.392	G#1	32	34	608	135.238	G#1	32	64	
611	147.405	C3	48	35	609	135.238	C3	48	64	
612	148.503	Eb4	63	47	611	136.19	Eb4	63	64	
613	149.542	G#4	68	60	616	137.143	G#4	68	64	
614	149.566	G#2	44	39	612	137.143	G#2	44	64	
615	149.573	G#3	56	35	613	137.143	G#3	56	64	
616	149.578	B3	59	33	614	137.143	B3	59	64	
617	149.595	Eb4	63	37	615	137.143	Eb4	63	64	
618	149.875	B3	59	35	617	137.46	B3	59	64	
619	149.888	Eb4	63	40	618	137.46	Eb4	63	64	
620	150.182	B3	59	41	619	137.778	B3	59	64	
621	150.185	Eb4	63	35	620	137.778	Eb4	63	64	
622	150.477	B4	71	60	623	138.095	B4	71	64	
623	150.487	B3	59	46	621	138.095	B3	59	64	
624	150.498	Eb4	63	36	622	138.095	Eb4	63	64	
625	150.783	B3	59	19	624	138.413	B3	59	64	
626	150.789	Eb4	63	16	625	138.413	Eb4	63	64	
627	151.05	B3	59	35	626	138.73	B3	59	64	
628	151.054	Eb4	63	34	627	138.73	Eb4	63	64	
629	151.346	Bb4	70	58	630	139.048	Bb4	70	64	
630	151.368	B3	59	34	628	139.048	B3	59	64	
631	151.373	Eb4	63	35	629	139.048	Eb4	63	64	
632	151.631	B3	59	43	631	139.365	B3	59	64	
633	151.651	Eb4	63	34	632	139.365	Eb4	63	64	
634	151.908	B3	59	48	633	139.683	B3	59	64	
635	151.918	Eb4	63	39	634	139.683	Eb4	63	64	
636	152.206	G#4	68	59	637	140	G#4	68	64	
637	152.242	B3	59	34	635	140	B3	59	64	
638	152.261	Eb4	63	26	636	140	Eb4	63	64	
639	152.483	Eb4	63	49	639	140.317	Eb4	63	64	
640	152.489	B3	59	51	638	140.317	B3	59	64	
641	152.76	Eb4	63	42	641	140.635	Eb4	63	64	
642	152.783	B3	59	38	640	140.635	B3	59	64	
643	153.054	G4	67	52	645	140.952	G4	67	64	
644	153.059	Bb3	58	59	642	140.952	Bb3	58	64	
645	153.097	Eb4	63	28	644	140.952	Eb4	63	64	
646	153.102	C#4	61	32	643	140.952	C#4	61	64	
647	153.337	Eb4	63	46	647	141.27	Eb4	63	64	
648	153.371	C#4	61	34	646	141.27	C#4	61	64	
649	153.638	C#4	61	35	648	141.587	C#4	61	64	
650	153.655	Eb4	63	47	649	141.587	Eb4	63	64	
651	153.917	C#5	73	60	652	141.905	C#5	73	64	
652	153.978	C#4	61	4	650	141.905	C#4	61	64	
653	153.984	Eb4	63	26	651	141.905	Eb4	63	64	
654	154.184	Eb4	63	43	655	142.222	Eb4	63	64	
655	154.187	C#4	61	41	654	142.222	C#4	61	64	
656	154.202	Bb3	58	42	653	142.222	Bb3	58	64	
657	154.475	A3	57	52	656	142.54	A3	57	64	
658	154.48	Eb4	63	47	658	142.54	Eb4	63	64	
659	154.503	C#4	61	36	657	142.54	C#4	61	64	
660	154.753	Bb3	58	58	659	142.857	Bb3	58	64	
661	154.759	Eb4	63	37	661	142.857	Eb4	63	64	
662	154.784	C#4	61	23	660	142.857	C#4	61	64	
663	155.035	Eb4	63	49	664	143.175	Eb4	63	64	
664	155.041	Bb3	58	58	662	143.175	Bb3	58	64	
665	155.041	C#4	61	30	663	143.175	C#4	61	64	
666	155.313	C#4	61	34	666	143.492	C#4	61	64	
667	155.316	Eb4	63	43	667	143.492	Eb4	63	64	
668	155.325	G#3	56	49	665	143.492	G#3	56	64	
669	155.607	C#4	61	33	669	143.81	C#4	61	64	
670	155.616	Eb4	63	42	670	143.81	Eb4	63	64	
671	155.623	G3	55	43	668	143.81	G3	55	64	
672	155.881	C#4	61	43	672	144.127	C#4	61	64	
673	155.897	F3	53	45	671	144.127	F3	53	64	
674	155.899	Eb4	63	44	673	144.127	Eb4	63	64	
675	156.171	C#4	61	39	675	144.444	C#4	61	64	
676	156.174	Eb3	51	45	674	144.444	Eb3	51	64	
677	156.18	Eb4	63	41	676	144.444	Eb4	63	64	
678	156.462	G#4	68	66	680	144.762	G#4	68	64	
679	156.481	G#3	56	45	677	144.762	G#3	56	64	
680	156.489	B3	59	43	678	144.762	B3	59	64	
681	156.501	Eb4	63	29	679	144.762	Eb4	63	64	
682	156.79	B3	59	27	681	145.079	B3	59	64	
683	156.796	Eb4	63	39	682	145.079	Eb4	63	64	
684	157.063	B3	59	44	683	145.397	B3	59	64	
685	157.071	Eb4	63	41	684	145.397	Eb4	63	64	
686	157.354	B4	71	62	687	145.714	B4	71	64	
687	157.375	B3	59	53	685	145.714	B3	59	64	
688	157.375	Eb4	63	43	686	145.714	Eb4	63	64	
689	157.648	Eb4	63	42	689	146.032	Eb4	63	64	
690	157.667	B3	59	29	688	146.032	B3	59	64	
691	157.926	B3	59	48	690	146.349	B3	59	64	
692	157.928	Eb4	63	43	691	146.349	Eb4	63	64	
693	158.214	Bb4	70	58	694	146.667	Bb4	70	64	
694	158.219	Eb4	63	41	693	146.667	Eb4	63	64	
695	158.222	B3	59	40	692	146.667	B3	59	64	
696	158.502	B3	59	45	695	146.984	B3	59	64	
697	158.51	Eb4	63	40	696	146.984	Eb4	63	64	
698	158.766	Eb4	63	43	698	147.302	Eb4	63	64	
699	158.78	B3	59	42	697	147.302	B3	59	64	
700	159.045	G#4	68	61	701	147.619	G#4	68	64	
701	159.077	B3	59	43	699	147.619	B3	59	64	
702	159.103	Eb4	63	38	700	147.619	Eb4	63	64	
703	159.32	B3	59	43	702	147.936	B3	59	64	
704	159.321	Eb4	63	42	703	147.936	Eb4	63	64	
705	159.619	B3	59	43	704	148.254	B3	59	64	
706	159.622	Eb4	63	49	705	148.254	Eb4	63	64	
707	159.946	G#4	68	63	709	148.571	G#4	68	64	
708	159.953	Eb3	51	63	706	148.571	Eb3	51	64	
709	159.961	Eb4	63	40	708	148.571	Eb4	63	64	
710	159.988	Bb3	58	33	707	148.571	Bb3	58	64	
711	160.256	Eb4	63	50	711	148.889	Eb4	63	64	
712	160.272	Bb3	58	31	710	148.889	Bb3	58	64	
713	160.538	Bb3	58	29	712	149.206	Bb3	58	64	
714	160.545	Eb4	63	43	713	149.206	Eb4	63	64	
715	160.821	Eb4	63	25	715	149.524	Eb4	63	64	
716	160.831	Bb3	58	41	714	149.524	Bb3	58	64	
717	160.831	G4	67	52	716	149.524	G4	67	64	
718	161.102	Bb3	58	46	718	149.841	Bb3	58	64	
719	161.118	Eb3	51	58	717	149.841	Eb3	51	64	
720	161.121	Eb4	63	45	719	149.841	Eb4	63	64	
721	161.358	Eb4	63	42	722	150.159	Eb4	63	64	
722	161.379	Bb3	58	38	721	150.159	Bb3	58	64	
723	161.384	D3	50	62	720	150.159	D3	50	64	
724	161.671	Bb3	58	40	725	150.476	Bb3	58	64	
725	161.676	Eb3	51	60	723	150.476	Eb3	51	64	
726	161.681	Eb4	63	44	726	150.476	Eb4	63	64	
727	161.688	G3	55	33	724	150.476	G3	55	64	
728	161.96	E3	52	64	727	150.794	E3	52	64	
729	161.966	Eb4	63	26	730	150.794	Eb4	63	64	
730	161.971	G3	55	31	728	150.794	G3	55	64	
731	161.982	Bb3	58	39	729	150.794	Bb3	58	64	
732	162.226	Eb3	51	48	731	151.111	Eb3	51	64	
733	162.231	Bb3	58	38	733	151.111	Bb3	58	64	
734	162.253	G3	55	34	732	151.111	G3	55	64	
735	162.263	Eb4	63	42	734	151.111	Eb4	63	64	
736	162.511	C#3	49	47	735	151.429	C#3	49	64	
737	162.539	Bb3	58	43	737	151.429	Bb3	58	64	
738	162.542	G3	55	36	736	151.429	G3	55	64	
739	162.544	Eb4	63	36	738	151.429	Eb4	63	64	
740	162.782	G3	55	45	740	151.746	G3	55	64	
741	162.792	B2	47	42	739	151.746	B2	47	64	
742	162.792	Bb3	58	43	741	151.746	Bb3	58	64	
743	162.814	Eb4	63	36	742	151.746	Eb4	63	64	
744	163.066	Eb4	63	45	746	152.064	Eb4	63	64	
745	163.081	Bb3	58	41	745	152.064	Bb3	58	64	
746	163.086	Bb2	46	47	743	152.064	Bb2	46	64	
747	163.098	G3	55	25	744	152.064	G3	55	64	
748	163.359	G#4	68	58	750	152.381	G#4	68	64	
749	163.372	G#2	44	41	747	152.381	G#2	44	64	
750	163.386	Eb4	63	33	749	152.381	Eb4	63	64	
751	163.659	Eb4	63	46	752	152.698	Eb4	63	64	
752	163.671	B3	59	39	751	152.698	B3	59	64	
753	163.917	Eb4	63	57	754	153.016	Eb4	63	64	
754	163.933	B3	59	34	753	153.016	B3	59	64	
755	164.195	B4	71	64	757	153.333	B4	71	64	
756	164.213	Eb4	63	42	756	153.333	Eb4	63	64	
757	164.22	B3	59	27	755	153.333	B3	59	64	
758	164.48	Eb4	63	43	759	153.651	Eb4	63	64	
759	164.485	B3	59	42	758	153.651	B3	59	64	
760	164.738	Eb4	63	55	761	153.968	Eb4	63	64	
761	164.747	B3	59	38	760	153.968	B3	59	64	
762	165.025	Bb4	70	70	764	154.286	Bb4	70	64	
763	165.048	B3	59	41	762	154.286	B3	59	64	
764	165.055	Eb4	63	37	763	154.286	Eb4	63	64	
765	165.316	Eb4	63	53	766	154.603	Eb4	63	64	
766	165.324	B3	59	44	765	154.603	B3	59	64	
767	165.593	Eb4	63	56	768	154.921	Eb4	63	64	
768	165.597	B3	59	38	767	154.921	B3	59	64	
769	165.854	G#4	68	76	771	155.238	G#4	68	64	
770	165.906	B3	59	34	769	155.238	B3	59	64	
771	165.928	Eb4	63	38	770	155.238	Eb4	63	64	
772	166.133	Eb4	63	61	773	155.556	Eb4	63	64	
773	166.141	B3	59	42	772	155.556	B3	59	64	
774	166.399	Eb4	63	57	775	155.873	Eb4	63	64	
775	166.411	B3	59	52	774	155.873	B3	59	64	
776	166.72	F#5	78	91	781	156.19	F#5	78	64	
777	166.73	A2	45	53	776	156.19	A2	45	64	
778	166.739	F#3	54	50	779	156.19	F#3	54	64	
779	166.741	B2	47	50	777	156.19	B2	47	64	
780	166.742	F#4	66	71	780	156.19	F#4	66	64	
781	166.746	Eb3	51	49	778	156.19	Eb3	51	64	
782	167.008	F#3	54	42	785	156.508	F#3	54	64	
783	167.014	B2	47	33	783	156.508	B2	47	64	
784	167.023	A2	45	33	782	156.508	A2	45	64	
785	167.025	Eb3	51	40	784	156.508	Eb3	51	64	
786	167.266	F#3	54	52	789	156.825	F#3	54	64	
787	167.269	Eb3	51	28	788	156.825	Eb3	51	64	
788	167.274	A2	45	31	786	156.825	A2	45	64	
789	167.28	B2	47	30	787	156.825	B2	47	64	
790	167.546	F#3	54	55	793	157.143	F#3	54	64	
791	167.549	B2	47	20	791	157.143	B2	47	64	
792	167.553	A2	45	44	790	157.143	A2	45	64	
793	167.562	Eb3	51	47	792	157.143	Eb3	51	64	
794	167.815	Eb5	75	74	798	157.46	Eb5	75	64	
795	167.822	F#3	54	57	797	157.46	F#3	54	64	
796	167.824	A2	45	49	794	157.46	A2	45	64	
797	167.829	Eb3	51	42	796	157.46	Eb3	51	64	
798	167.836	B2	47	27	795	157.46	B2	47	64	
799	168.065	A2	45	21	799	157.778	A2	45	64	
800	168.083	B2	47	15	800	157.778	B2	47	64	
801	168.088	B4	71	74	803	157.778	B4	71	64	
802	168.091	F#3	54	66	802	157.778	F#3	54	64	
803	168.107	Eb3	51	58	801	157.778	Eb3	51	64	
804	168.401	B5	83	93	809	158.095	B5	83	64	
805	168.413	B2	47	51	805	158.095	B2	47	64	
806	168.413	B4	71	84	808	158.095	B4	71	64	
807	168.419	G#3	56	69	807	158.095	G#3	56	64	
808	168.435	G#2	44	57	804	158.095	G#2	44	64	
809	168.451	E3	52	65	806	158.095	E3	52	64	
810	168.687	B2	47	27	811	158.413	B2	47	64	
811	168.695	G#3	56	66	813	158.413	G#3	56	64	
812	168.703	G#2	44	46	810	158.413	G#2	44	64	
813	168.712	E3	52	52	812	158.413	E3	52	64	
814	168.951	B2	47	38	815	158.73	B2	47	64	
815	168.96	G#3	56	66	817	158.73	G#3	56	64	
816	168.962	G#2	44	56	814	158.73	G#2	44	64	
817	168.976	E3	52	49	816	158.73	E3	52	64	
818	169.215	G#2	44	50	818	159.048	G#2	44	64	
819	169.215	B2	47	40	819	159.048	B2	47	64	
820	169.221	G#3	56	68	821	159.048	G#3	56	64	
821	169.234	E3	52	56	820	159.048	E3	52	64	
822	169.492	G#5	80	91	826	159.365	G#5	80	64	
823	169.496	G#3	56	70	825	159.365	G#3	56	64	
824	169.497	B2	47	53	823	159.365	B2	47	64	
825	169.51	E3	52	60	824	159.365	E3	52	64	
826	169.514	G#2	44	56	822	159.365	G#2	44	64	
827	169.747	E3	52	51	829	159.683	E3	52	64	
828	169.747	E5	76	85	831	159.683	E5	76	64	
829	169.749	G#3	56	68	830	159.683	G#3	56	64	
830	169.752	G#2	44	62	827	159.683	G#2	44	64	
831	170.051	E3	52	63	833	160	E3	52	64	
832	170.053	Bb3	58	70	835	160	Bb3	58	64	
833	170.053	E6	88	98	837	160	E6	88	64	
834	170.06	E5	76	95	836	160	E5	76	64	
835	170.073	C#3	49	61	832	160	C#3	49	64	
836	170.085	F#3	54	50	834	160	F#3	54	64	
837	170.327	C#3	49	44	838	160.317	C#3	49	64	
838	170.327	Bb3	58	68	841	160.317	Bb3	58	64	
839	170.335	E3	52	44	839	160.317	E3	52	64	
840	170.345	F#3	54	47	840	160.317	F#3	54	64	
841	170.575	F#3	54	39	844	160.635	F#3	54	64	
842	170.578	Bb3	58	74	845	160.635	Bb3	58	64	
843	170.589	E3	52	38	843	160.635	E3	52	64	
844	170.605	C#3	49	61	842	160.635	C#3	49	64	
845	170.859	Bb3	58	80	849	160.952	Bb3	58	64	
846	170.864	C#3	49	72	846	160.952	C#3	49	64	
847	170.87	F#3	54	59	848	160.952	F#3	54	64	
848	170.875	E3	52	61	847	160.952	E3	52	64	
849	171.12	C#6	85	95	854	161.27	C#6	85	64	
850	171.123	Bb3	58	71	853	161.27	Bb3	58	64	
851	171.127	F#3	54	52	852	161.27	F#3	54	64	
852	171.132	C#3	49	66	850	161.27	C#3	49	64	
853	171.138	E3	52	54	851	161.27	E3	52	64	
854	171.358	Bb3	58	70	858	161.587	Bb3	58	64	
855	171.369	C#3	49	61	855	161.587	C#3	49	64	
856	171.378	F#3	54	54	857	161.587	F#3	54	64	
857	171.384	Bb5	82	90	859	161.587	Bb5	82	64	
858	171.415	E5	76	21	*	-1	*	-1	-1	
859	171.416	E3	52	38	856	161.587	E3	52	64	
860	171.672	B3	59	83	863	161.905	B3	59	64	
861	171.675	B2	47	76	860	161.905	B2	47	64	
862	171.676	B5	83	99	865	161.905	B5	83	64	
863	171.679	E3	52	54	861	161.905	E3	52	64	
864	171.683	B4	71	97	864	161.905	B4	71	64	
865	171.694	G#3	56	67	862	161.905	G#3	56	64	
866	171.951	B3	59	77	869	162.222	B3	59	64	
867	171.962	B2	47	67	866	162.222	B2	47	64	
868	171.97	E3	52	50	867	162.222	E3	52	64	
869	171.971	G#3	56	59	868	162.222	G#3	56	64	
870	172.205	E3	52	37	871	162.54	E3	52	64	
871	172.211	B3	59	71	873	162.54	B3	59	64	
872	172.215	B2	47	73	870	162.54	B2	47	64	
873	172.227	G#3	56	44	872	162.54	G#3	56	64	
874	172.489	Eb4	63	91	879	162.857	Eb4	63	64	
875	172.493	F#3	54	91	876	162.857	F#3	54	64	
876	172.496	A3	57	82	877	162.857	A3	57	64	
877	172.499	B3	59	59	878	162.857	B3	59	64	
878	172.504	B1	35	80	874	162.857	B1	35	64	
879	172.506	B2	47	82	875	162.857	B2	47	64	
880	172.768	B2	47	75	881	163.175	B2	47	64	
881	172.77	B1	35	63	880	163.175	B1	35	64	
882	173.038	B2	47	75	883	163.492	B2	47	64	
883	173.045	B1	35	61	882	163.492	B1	35	64	
884	173.327	E4	64	90	888	163.81	E4	64	64	
885	173.338	G#3	56	79	886	163.81	G#3	56	64	
886	173.34	B3	59	76	887	163.81	B3	59	64	
887	173.35	E3	52	87	885	163.81	E3	52	64	
888	173.351	E2	40	83	884	163.81	E2	40	64	
889	173.639	B3	59	51	890	164.127	B3	59	64	
890	173.65	G#3	56	50	889	164.127	G#3	56	64	
891	173.894	B3	59	47	892	164.444	B3	59	64	
892	173.899	G#3	56	51	891	164.444	G#3	56	64	
893	174.155	G#3	56	46	893	164.762	G#3	56	64	
894	174.161	B3	59	50	894	164.762	B3	59	64	
895	174.43	B3	59	42	896	165.079	B3	59	64	
896	174.448	G#3	56	47	895	165.079	G#3	56	64	
897	174.712	B3	59	42	898	165.397	B3	59	64	
898	174.723	G#3	56	37	897	165.397	G#3	56	64	
899	174.973	B3	59	38	900	165.714	B3	59	64	
900	174.988	G#3	56	23	899	165.714	G#3	56	64	
901	175.239	B3	59	38	902	166.032	B3	59	64	
902	175.244	G#3	56	35	901	166.032	G#3	56	64	
903	175.511	G#3	56	35	903	166.349	G#3	56	64	
904	175.511	B3	59	38	904	166.349	B3	59	64	
905	175.792	G#3	56	40	905	166.667	G#3	56	64	
906	175.794	B3	59	42	906	166.667	B3	59	64	
907	176.051	B3	59	41	908	166.984	B3	59	64	
908	176.067	G#3	56	36	907	166.984	G#3	56	64	
909	176.35	B3	59	39	910	167.302	B3	59	64	
910	176.351	G#3	56	20	909	167.302	G#3	56	64	
911	176.64	E4	64	52	915	167.619	E4	64	64	
912	176.665	G#3	56	31	913	167.619	G#3	56	64	
913	176.671	E3	52	42	912	167.619	E3	52	64	
914	176.672	E2	40	37	911	167.619	E2	40	64	
915	176.672	B3	59	36	914	167.619	B3	59	64	
916	176.926	B3	59	39	917	167.936	B3	59	64	
917	176.945	G#3	56	31	916	167.936	G#3	56	64	
918	177.194	G#3	56	32	918	168.254	G#3	56	64	
919	177.212	B3	59	37	919	168.254	B3	59	64	
920	177.484	G#4	68	58	922	168.571	G#4	68	64	
921	177.512	B3	59	32	921	168.571	B3	59	64	
922	177.539	G#3	56	21	920	168.571	G#3	56	64	
923	177.774	G#3	56	41	923	168.889	G#3	56	64	
924	177.792	B3	59	36	924	168.889	B3	59	64	
925	178.023	B3	59	43	926	169.206	B3	59	64	
926	178.045	G#3	56	24	925	169.206	G#3	56	64	
927	178.324	F#4	66	60	929	169.524	F#4	66	64	
928	178.348	G#3	56	25	927	169.524	G#3	56	64	
929	178.36	B3	59	13	928	169.524	B3	59	64	
930	178.607	B3	59	42	931	169.841	B3	59	64	
931	178.616	G#3	56	39	930	169.841	G#3	56	64	
932	178.898	G#3	56	34	932	170.159	G#3	56	64	
933	178.903	B3	59	32	933	170.159	B3	59	64	
934	179.17	E4	64	55	936	170.476	E4	64	64	
935	179.197	G#3	56	37	934	170.476	G#3	56	64	
936	179.197	B3	59	26	935	170.476	B3	59	64	
937	179.448	G#3	56	34	937	170.794	G#3	56	64	
938	179.449	B3	59	45	938	170.794	B3	59	64	
939	179.731	G#3	56	28	939	171.111	G#3	56	64	
940	179.731	B3	59	35	940	171.111	B3	59	64	
941	180.062	Eb4	63	53	944	171.429	Eb4	63	64	
942	180.089	F#3	54	57	941	171.429	F#3	54	64	
943	180.089	B3	59	32	943	171.429	B3	59	64	
944	180.096	A3	57	31	942	171.429	A3	57	64	
945	180.363	A3	57	40	945	171.746	A3	57	64	
946	180.374	B3	59	35	946	171.746	B3	59	64	
947	180.641	B3	59	27	948	172.064	B3	59	64	
948	180.683	A3	57	30	947	172.064	A3	57	64	
949	180.918	A4	69	58	951	172.381	A4	69	64	
950	180.968	A3	57	14	949	172.381	A3	57	64	
951	181.18	A3	57	42	953	172.698	A3	57	64	
952	181.212	B3	59	45	954	172.698	B3	59	64	
953	181.217	F#3	54	43	952	172.698	F#3	54	64	
954	181.48	A3	57	46	956	173.016	A3	57	64	
955	181.481	B3	59	45	957	173.016	B3	59	64	
956	181.489	F3	53	54	955	173.016	F3	53	64	
957	181.758	F#3	54	52	958	173.333	F#3	54	64	
958	181.764	B3	59	43	960	173.333	B3	59	64	
959	181.772	A3	57	26	959	173.333	A3	57	64	
960	182.026	A3	57	42	962	173.651	A3	57	64	
961	182.042	B3	59	32	963	173.651	B3	59	64	
962	182.055	F#3	54	49	961	173.651	F#3	54	64	
963	182.314	A3	57	32	965	173.968	A3	57	64	
964	182.322	E3	52	49	964	173.968	E3	52	64	
965	182.322	B3	59	31	966	173.968	B3	59	64	
966	182.603	B3	59	24	969	174.286	B3	59	64	
967	182.607	A3	57	38	968	174.286	A3	57	64	
968	182.619	Eb3	51	41	967	174.286	Eb3	51	64	
969	182.879	C#3	49	43	970	174.603	C#3	49	64	
970	182.883	B3	59	36	972	174.603	B3	59	64	
971	182.89	A3	57	37	971	174.603	A3	57	64	
972	183.164	B3	59	45	975	174.921	B3	59	64	
973	183.172	A3	57	39	974	174.921	A3	57	64	
974	183.178	B2	47	36	973	174.921	B2	47	64	
975	183.45	E4	64	49	979	175.238	E4	64	64	
976	183.455	B3	59	38	978	175.238	B3	59	64	
977	183.481	E3	52	38	976	175.238	E3	52	64	
978	183.484	G#3	56	38	977	175.238	G#3	56	64	
979	183.734	G#3	56	42	980	175.556	G#3	56	64	
980	183.751	B3	59	30	981	175.556	B3	59	64	
981	184.022	B3	59	36	983	175.873	B3	59	64	
982	184.038	G#3	56	33	982	175.873	G#3	56	64	
983	184.316	G#4	68	60	986	176.19	G#4	68	64	
984	184.347	B3	59	36	985	176.19	B3	59	64	
985	184.354	G#3	56	18	984	176.19	G#3	56	64	
986	184.592	B3	59	24	988	176.508	B3	59	64	
987	184.597	G#3	56	32	987	176.508	G#3	56	64	
988	184.886	G#3	56	30	989	176.825	G#3	56	64	
989	184.893	B3	59	38	990	176.825	B3	59	64	
990	185.169	E4	64	63	993	177.143	E4	64	64	
991	185.197	B3	59	31	992	177.143	B3	59	64	
992	185.199	G#3	56	35	991	177.143	G#3	56	64	
993	185.466	B3	59	3	995	177.46	B3	59	64	
994	185.481	G#3	56	38	994	177.46	G#3	56	64	
995	185.765	B3	59	43	997	177.778	B3	59	64	
996	185.781	G#3	56	25	996	177.778	G#3	56	64	
997	186.026	Eb4	63	65	1000	178.095	Eb4	63	64	
998	186.074	G#3	56	36	998	178.095	G#3	56	64	
999	186.09	B3	59	35	999	178.095	B3	59	64	
1000	186.323	B3	59	35	1002	178.413	B3	59	64	
1001	186.328	G#3	56	40	1001	178.413	G#3	56	64	
1002	186.598	B3	59	41	1004	178.73	B3	59	64	
1003	186.622	G#3	56	36	1003	178.73	G#3	56	64	
1004	186.953	D4	62	60	1008	179.048	D4	62	64	
1005	186.962	B3	59	54	1007	179.048	B3	59	64	
1006	186.975	G#3	56	44	1006	179.048	G#3	56	64	
1007	186.985	D3	50	36	1005	179.048	D3	50	64	
1008	187.233	B3	59	17	1012	179.365	B3	59	64	
1009	187.249	F1	29	41	1009	179.365	F1	29	64	
1010	187.259	G#3	56	24	1011	179.365	G#3	56	64	
1011	187.265	D3	50	34	1010	179.365	D3	50	64	
1012	187.511	B3	59	39	1016	179.683	B3	59	64	
1013	187.525	B1	35	46	1013	179.683	G#1	32	64	
1014	187.532	G#3	56	41	1015	179.683	G#3	56	64	
1015	187.575	D3	50	27	1014	179.683	D3	50	64	
1016	187.79	D3	50	48	1018	180	D3	50	64	
1017	187.795	G#3	56	42	1019	180	G#3	56	64	
1018	187.827	B3	59	29	1020	180	B3	59	64	
1019	188.041	D2	38	59	1021	180.317	D2	38	64	
1020	188.051	B3	59	31	1024	180.317	B3	59	64	
1021	188.071	G#3	56	40	1023	180.317	G#3	56	64	
1022	188.081	D3	50	31	1022	180.317	D3	50	64	
1023	188.316	B3	59	36	1028	180.635	B3	59	64	
1024	188.332	G#3	56	41	1027	180.635	G#3	56	64	
1025	188.34	F2	41	48	1025	180.635	F2	41	64	
1026	188.344	D3	50	34	1026	180.635	D3	50	64	
1027	188.606	B3	59	32	1032	180.952	B3	59	64	
1028	188.639	G#3	56	42	1031	180.952	G#3	56	64	
1029	188.649	G#2	44	40	1029	180.952	G#2	44	64	
1030	188.649	D3	50	36	1030	180.952	D3	50	64	
1031	188.898	G#3	56	35	1034	181.27	G#3	56	64	
1032	188.917	D3	50	28	1033	181.27	D3	50	64	
1033	189.168	B3	59	47	1038	181.587	B3	59	64	
1034	189.186	G#3	56	49	1037	181.587	G#3	56	64	
1035	189.216	D3	50	8	1036	181.587	D3	50	64	
1036	189.469	D4	62	65	1042	181.905	D4	62	64	
1037	189.499	B3	59	43	1041	181.905	B3	59	64	
1038	189.515	D3	50	45	1039	181.905	D3	50	64	
1039	189.526	G#3	56	39	1040	181.905	G#3	56	64	
1040	189.727	G#3	56	37	1044	182.222	G#3	56	64	
1041	189.727	B3	59	35	1045	182.222	B3	59	64	
1042	189.752	D3	50	29	1043	182.222	D3	50	64	
1043	190.02	B3	59	46	1048	182.54	B3	59	64	
1044	190.028	G#3	56	42	1047	182.54	G#3	56	64	
1045	190.054	D3	50	36	1046	182.54	D3	50	64	
1046	190.342	D4	62	68	1052	182.857	D4	62	64	
1047	190.372	D3	50	46	1049	182.857	D3	50	64	
1048	190.373	B3	59	47	1051	182.857	B3	59	64	
1049	190.379	G#3	56	46	1050	182.857	G#3	56	64	
1050	190.604	F1	29	40	1053	183.175	F1	29	64	
1051	190.605	B3	59	35	1056	183.175	B3	59	64	
1052	190.609	G#3	56	29	1055	183.175	G#3	56	64	
1053	190.881	B3	59	46	1060	183.492	B3	59	64	
1054	190.897	G#1	32	52	1057	183.492	G#1	32	64	
1055	190.902	G#3	56	35	1059	183.492	G#3	56	64	
1056	190.904	D3	50	28	1058	183.492	D3	50	64	
1057	191.144	B3	59	48	1064	183.81	B3	59	64	
1058	191.168	B1	35	58	1061	183.81	B1	35	64	
1059	191.185	D3	50	34	1062	183.81	D3	50	64	
1060	191.189	G#3	56	38	1063	183.81	G#3	56	64	
1061	191.421	B3	59	40	1068	184.127	B3	59	64	
1062	191.444	D2	38	53	1065	184.127	D2	38	64	
1063	191.447	G#3	56	36	1067	184.127	G#3	56	64	
1064	191.454	D3	50	39	1066	184.127	D3	50	64	
1065	191.697	B3	59	41	1072	184.444	B3	59	64	
1066	191.716	G#3	56	34	1071	184.444	G#3	56	64	
1067	191.729	D3	50	39	1070	184.444	D3	50	64	
1068	191.734	F2	41	55	1069	184.444	F2	41	64	
1069	191.999	B3	59	29	1076	184.762	B3	59	64	
1070	192.015	G#3	56	39	1075	184.762	G#3	56	64	
1071	192.024	D3	50	42	1074	184.762	D3	50	64	
1072	192.039	G#2	44	57	1073	184.762	G#2	44	64	
1073	192.3	G#3	56	45	1078	185.079	G#3	56	64	
1074	192.309	D3	50	20	1077	185.079	D3	50	64	
1075	192.56	G#3	56	48	1081	185.397	G#3	56	64	
1076	192.592	D3	50	34	1080	185.397	D3	50	64	
1077	192.905	D4	62	74	1086	185.714	D4	62	64	
1078	192.923	B3	59	55	1085	185.714	B3	59	64	
1079	192.926	D3	50	55	1083	185.714	D3	50	64	
1080	192.933	G#3	56	50	1084	185.714	G#3	56	64	
1081	193.182	G#3	56	41	1088	186.032	G#3	56	64	
1082	193.205	D3	50	45	1087	186.032	D3	50	64	
1083	193.456	G#3	56	52	1091	186.349	G#3	56	64	
1084	193.477	D3	50	46	1090	186.349	D3	50	64	
1085	193.807	C#4	61	76	1096	186.667	C#4	61	64	
1086	193.824	C#3	49	61	1093	186.667	C#3	49	64	
1087	193.828	Bb3	58	57	1095	186.667	Bb3	58	64	
1088	193.831	G#3	56	50	1094	186.667	G#3	56	64	
1089	194.097	E2	40	54	1097	186.984	E2	40	64	
1090	194.104	Bb3	58	52	1100	186.984	Bb3	58	64	
1091	194.106	C#3	49	43	1098	186.984	C#3	49	64	
1092	194.122	G#3	56	47	1099	186.984	G#3	56	64	
1093	194.384	C#3	49	52	1102	187.302	C#3	49	64	
1094	194.391	G#2	44	60	1101	187.302	G#2	44	64	
1095	194.392	Bb3	58	57	1104	187.302	Bb3	58	64	
1096	194.403	G#3	56	52	1103	187.302	G#3	56	64	
1097	194.7	Bb3	58	58	1108	187.619	Bb3	58	64	
1098	194.705	C#3	49	58	1106	187.619	C#3	49	64	
1099	194.706	Bb2	46	77	1105	187.619	Bb2	46	64	
1100	194.712	G#3	56	57	1107	187.619	G#3	56	64	
1101	194.985	Bb3	58	44	1111	187.936	Bb3	58	64	
1102	194.991	G#3	56	50	1110	187.936	G#3	56	64	
1103	195.012	C#3	49	40	1109	187.936	C#3	49	64	
1104	195.273	Bb3	58	50	1114	188.254	Bb3	58	64	
1105	195.274	C#3	49	53	1112	188.254	C#3	49	64	
1106	195.279	G#3	56	56	1113	188.254	G#3	56	64	
1107	195.55	Bb3	58	68	1117	188.571	Bb3	58	64	
1108	195.559	C#3	49	64	1115	188.571	C#3	49	64	
1109	195.571	G3	55	60	1116	188.571	G3	55	64	
1110	195.853	Bb3	58	51	1121	188.889	Bb3	58	64	
1111	195.858	G3	55	47	1120	188.889	G3	55	64	
1112	195.863	Eb2	39	59	1118	188.889	Eb2	39	64	
1113	195.866	C#3	49	59	1119	188.889	C#3	49	64	
1114	196.184	C#3	49	67	1123	189.206	C#3	49	64	
1115	196.187	G2	43	66	1122	189.206	G2	43	64	
1116	196.191	Bb3	58	66	1125	189.206	Bb3	58	64	
1117	196.192	G3	55	59	1124	189.206	G3	55	64	
1118	196.55	C#4	61	77	1131	189.524	C#4	61	64	
1119	196.565	Bb2	46	60	1126	189.524	Bb2	46	64	
1120	196.57	Bb3	58	61	1130	189.524	Bb3	58	64	
1121	196.571	C#3	49	55	1127	189.524	C#3	49	64	
1122	196.576	Eb3	51	49	1128	189.524	Eb3	51	64	
1123	196.597	G3	55	47	1129	189.524	G3	55	64	
1124	196.96	Bb3	58	46	1135	189.841	Bb3	58	64	
1125	196.971	C#3	49	50	1132	189.841	C#3	49	64	
1126	196.987	Eb3	51	39	1133	189.841	Eb3	51	64	
1127	197.364	Eb3	51	39	1137	190.159	Eb3	51	64	
1128	197.41	C#3	49	18	1136	190.159	C#3	49	64	
1129	197.966	C4	60	64	1143	190.476	C4	60	64	
1130	198.007	G#1	32	35	1140	190.476	G#1	32	64	
1131	198.013	C3	48	46	1142	190.476	C3	48	64	
1132	198.018	G#2	44	33	1141	190.476	G#2	44	64	
1133	198.033	G#3	56	24	*	-1	*	-1	-1	
1134	198.497	Eb3	51	37	1144	190.794	Eb3	51	64	
1135	198.831	Eb3	51	40	1145	191.111	Eb3	51	64	
1136	199.184	G#3	56	42	1146	191.429	G#3	56	64	
1137	199.482	Eb3	51	31	1147	191.746	Eb3	51	64	
1138	199.781	Eb3	51	38	1148	192.064	Eb3	51	64	
1139	200.08	Bb3	58	58	1151	192.381	Bb3	58	64	
1140	200.119	G3	55	44	1150	192.381	G3	55	64	
1141	200.129	C#3	49	37	1149	192.381	C#3	49	64	
1142	200.41	Eb3	51	34	1152	192.698	Eb3	51	64	
1143	200.696	Eb3	51	37	1153	193.016	Eb3	51	64	
1144	201.008	G3	55	41	1154	193.333	G3	55	64	
1145	201.304	Eb3	51	36	1155	193.651	Eb3	51	64	
1146	201.591	Eb3	51	43	1156	193.968	Eb3	51	64	
1147	201.907	Eb4	63	62	1159	194.286	Eb4	63	64	
1148	201.945	C3	48	48	1157	194.286	C3	48	64	
1149	201.951	G#3	56	46	1158	194.286	G#3	56	64	
1150	202.227	Eb3	51	38	1160	194.603	Eb3	51	64	
1151	202.494	Eb3	51	45	1161	194.921	Eb3	51	64	
1152	202.808	G#3	56	46	1162	195.238	G#3	56	64	
1153	203.119	Eb3	51	26	1163	195.556	Eb3	51	64	
1154	203.399	Eb3	51	38	1164	195.873	Eb3	51	64	
1155	203.719	Bb3	58	48	1166	196.19	Bb3	58	64	
1156	203.724	G2	43	50	1165	196.19	G2	43	64	
1157	204.006	Eb3	51	40	1167	196.508	Eb3	51	64	
1158	204.289	Eb3	51	44	1168	196.825	Eb3	51	64	
1159	204.613	C#4	61	64	1170	197.143	C#4	61	64	
1160	204.638	Bb3	58	44	1169	197.143	Bb3	58	64	
1161	204.925	Eb3	51	45	1171	197.46	Eb3	51	64	
1162	205.209	Eb3	51	44	1172	197.778	Eb3	51	64	
1163	205.518	C4	60	60	1175	198.095	C4	60	64	
1164	205.54	G#3	56	51	1174	198.095	G#3	56	64	
1165	205.548	G#2	44	46	1173	198.095	G#2	44	64	
1166	205.85	Eb3	51	42	1176	198.413	Eb3	51	64	
1167	206.136	Eb3	51	47	1177	198.73	Eb3	51	64	
1168	206.424	Eb4	63	70	1180	199.048	Eb4	63	64	
1169	206.449	G2	43	57	1178	199.048	G2	43	64	
1170	206.456	Bb3	58	54	1179	199.048	Bb3	58	64	
1171	206.735	Eb3	51	45	1181	199.365	Eb3	51	64	
1172	207.012	Eb3	51	48	1182	199.683	Eb3	51	64	
1173	207.319	G#4	68	70	1185	200	G#4	68	64	
1174	207.338	F2	41	52	1183	200	F2	41	64	
1175	207.35	C4	60	46	1184	200	C4	60	64	
1176	207.653	G#3	56	35	1186	200.317	G#3	56	64	
1177	207.931	G#3	56	52	1187	200.635	G#3	56	64	
1178	208.269	Bb4	70	67	1190	200.952	Bb4	70	64	
1179	208.294	F3	53	45	1188	200.952	F3	53	64	
1180	208.332	D4	62	38	1189	200.952	D4	62	64	
1181	208.431	D4	62	3	*	-1	*	-1	-1	
1182	208.647	G#3	56	27	1191	201.27	G#3	56	64	
1183	208.946	G#3	56	46	1192	201.587	G#3	56	64	
1184	209.363	Eb4	63	56	1195	201.905	Eb4	63	64	
1185	209.401	Eb3	51	39	1193	201.905	Eb3	51	64	
1186	209.407	G3	55	40	1194	201.905	G3	55	64	
1187	209.76	Bb3	58	41	1196	202.222	Bb3	58	64	
1188	210.046	Bb3	58	42	1197	202.54	Bb3	58	64	
1189	210.325	G3	55	47	1198	202.857	G3	55	64	
1190	210.618	Bb3	58	39	1199	203.175	Bb3	58	64	
1191	210.92	Bb3	58	37	1200	203.492	Bb3	58	64	
1192	211.228	G3	55	42	1202	203.81	G3	55	64	
1193	211.229	Eb2	39	47	1201	203.81	Eb2	39	64	
1194	211.526	Bb3	58	39	1203	204.127	Bb3	58	64	
1195	211.841	Bb3	58	47	1204	204.444	Bb3	58	64	
1196	212.151	E4	64	65	1206	204.762	E4	64	64	
1197	212.184	G3	55	40	1205	204.762	G3	55	64	
1198	212.45	Bb3	58	47	1207	205.079	Bb3	58	64	
1199	212.755	Bb3	58	48	1208	205.397	Bb3	58	64	
1200	213.094	F4	65	68	1211	205.714	F4	65	64	
1201	213.11	C#2	37	44	1209	205.714	C#2	37	64	
1202	213.15	G3	55	36	1210	205.714	G3	55	64	
1203	213.451	Bb3	58	35	1212	206.032	Bb3	58	64	
1204	213.744	Bb3	58	41	1213	206.349	Bb3	58	64	
1205	214.039	G3	55	46	1214	206.667	G3	55	64	
1206	214.331	Bb3	58	43	1215	206.984	Bb3	58	64	
1207	214.626	Bb3	58	48	1216	207.302	Bb3	58	64	
1208	214.948	Bb3	58	63	1219	207.619	Bb3	58	64	
1209	214.995	G3	55	38	1218	207.619	G3	55	64	
1210	215.007	C#3	49	41	1217	207.619	C#3	49	64	
1211	215.272	Eb3	51	44	1220	207.936	Eb3	51	64	
1212	215.55	Eb3	51	41	1221	208.254	Eb3	51	64	
1213	215.877	G3	55	45	1222	208.571	G3	55	64	
1214	216.18	Eb3	51	42	1223	208.889	Eb3	51	64	
1215	216.467	C4	60	57	1224	209.048	C4	60	64	
1216	216.516	Eb3	51	42	1225	209.206	Eb3	51	64	
1217	216.75	C#4	61	60	1226	209.286	C#4	61	64	
1218	217.047	Eb4	63	70	1229	209.524	Eb4	63	64	
1219	217.079	C3	48	39	1227	209.524	C3	48	64	
1220	217.114	G#3	56	35	1228	209.524	G#3	56	64	
1221	217.382	Eb3	51	36	1230	209.841	Eb3	51	64	
1222	217.642	Eb3	51	44	1231	210.159	Eb3	51	64	
1223	217.938	G#3	56	52	1232	210.476	G#3	56	64	
1224	218.241	Eb3	51	47	1233	210.794	Eb3	51	64	
1225	218.529	Eb3	51	42	1234	211.111	Eb3	51	64	
1226	218.84	A3	57	59	1237	211.429	A3	57	64	
1227	218.882	F2	41	47	1235	211.429	F2	41	64	
1228	218.884	Eb3	51	29	1236	211.429	Eb3	51	64	
1229	219.163	C3	48	47	1238	211.746	C3	48	64	
1230	219.428	C3	48	43	1239	212.064	C3	48	64	
1231	219.758	Eb3	51	43	1240	212.381	Eb3	51	64	
1232	220.048	C3	48	43	1241	212.698	C3	48	64	
1233	220.351	C3	48	47	1242	213.016	C3	48	64	
1234	220.66	C#4	61	60	1245	213.333	C#4	61	64	
1235	220.677	Bb1	34	39	1243	213.333	Bb1	34	64	
1236	220.692	F3	53	37	1244	213.333	F3	53	64	
1237	220.979	C#3	49	33	1246	213.651	C#3	49	64	
1238	221.238	C#3	49	42	1247	213.968	C#3	49	64	
1239	221.549	F3	53	41	1248	214.286	F3	53	64	
1240	221.85	C#3	49	45	1249	214.603	C#3	49	64	
1241	222.148	C#3	49	40	1250	214.921	C#3	49	64	
1242	222.517	C#4	61	64	1253	215.238	C#4	61	64	
1243	222.538	G3	55	42	1252	215.238	G3	55	64	
1244	222.594	Eb2	39	35	1251	215.238	Eb2	39	64	
1245	222.971	C4	60	57	1255	215.556	C4	60	64	
1246	223.014	C#3	49	30	1254	215.556	C#3	49	64	
1247	223.267	Bb3	58	65	1257	215.873	Bb3	58	64	
1248	223.287	C#3	49	51	1256	215.873	C#3	49	64	
1249	223.572	Bb3	58	65	1259	216.19	Bb3	58	64	
1250	223.607	C#3	49	43	1258	216.19	C#3	49	64	
1251	223.88	G#3	56	62	1261	216.508	G#3	56	64	
1252	223.908	C#3	49	40	1260	216.508	C#3	49	64	
1253	224.155	G3	55	63	1263	216.825	G3	55	64	
1254	224.178	C#3	49	38	1262	216.825	C#3	49	64	
1255	224.438	G#1	32	40	1264	217.143	G#1	32	64	
1256	224.508	Bb3	58	63	1267	217.143	Bb3	58	64	
1257	224.533	C#3	49	40	1265	217.143	C#3	49	64	
1258	224.533	G3	55	45	1266	217.143	G3	55	64	
1259	224.817	Eb3	51	35	1268	217.46	Eb3	51	64	
1260	225.085	Eb3	51	42	1269	217.778	Eb3	51	64	
1261	225.375	C#3	49	47	1271	218.095	C#3	49	64	
1262	225.388	G#2	44	40	1270	218.095	G#2	44	64	
1263	225.7	Eb3	51	36	1272	218.413	Eb3	51	64	
1264	225.986	Eb3	51	36	1273	218.73	Eb3	51	64	
1265	226.328	G#3	56	42	1276	219.048	G#3	56	64	
1266	226.342	C3	48	40	1275	219.048	C3	48	64	
1267	226.344	G#1	32	42	1274	219.048	G#1	32	64	
1268	226.649	Eb3	51	47	1277	219.365	Eb3	51	64	
1269	226.951	G#3	56	47	1278	219.683	G#3	56	64	
1270	227.24	C4	60	52	1279	220	C4	60	64	
1271	227.537	Eb4	63	53	1280	220.317	Eb4	63	64	
1272	227.868	G#4	68	56	1281	220.635	G#4	68	64	
1273	228.27	C5	72	69	1285	220.952	C5	72	64	
1274	228.297	G#2	44	29	1282	220.952	G#2	44	64	
1275	228.302	G#3	56	35	1283	220.952	G#3	56	64	
1276	228.312	C4	60	44	1284	220.952	C4	60	64	
1277	228.734	Eb4	63	34	1287	221.27	Eb4	63	64	
1278	228.766	Eb3	51	30	1286	221.27	Eb3	51	64	
1279	229.058	Eb3	51	37	1288	221.587	Eb3	51	64	
1280	229.059	Eb4	63	42	1289	221.587	Eb4	63	64	
1281	229.368	G#3	56	46	1290	221.905	G#3	56	64	
1282	229.38	C4	60	50	1291	221.905	C4	60	64	
1283	229.68	Eb4	63	41	1293	222.222	Eb4	63	64	
1284	229.702	Eb3	51	34	1292	222.222	Eb3	51	64	
1285	229.99	Eb3	51	36	1294	222.54	Eb3	51	64	
1286	230.001	Eb4	63	37	1295	222.54	Eb4	63	64	
1287	230.298	Bb4	70	67	1299	222.857	Bb4	70	64	
1288	230.322	Bb3	58	44	1298	222.857	Bb3	58	64	
1289	230.336	C#3	49	43	1296	222.857	C#3	49	64	
1290	230.34	G3	55	41	1297	222.857	G3	55	64	
1291	230.64	Eb4	63	43	1301	223.175	Eb4	63	64	
1292	230.655	Eb3	51	33	1300	223.175	Eb3	51	64	
1293	230.915	Eb4	63	37	1303	223.492	Eb4	63	64	
1294	230.92	Eb3	51	24	1302	223.492	Eb3	51	64	
1295	231.209	Bb3	58	44	1305	223.81	Bb3	58	64	
1296	231.225	G3	55	42	1304	223.81	G3	55	64	
1297	231.532	Eb3	51	35	1306	224.127	Eb3	51	64	
1298	231.533	Eb4	63	41	1307	224.127	Eb4	63	64	
1299	231.821	Eb3	51	37	1308	224.444	Eb3	51	64	
1300	231.828	Eb4	63	45	1309	224.444	Eb4	63	64	
1301	232.168	Eb5	75	72	1313	224.762	Eb5	75	64	
1302	232.172	C3	48	51	1310	224.762	C3	48	64	
1303	232.195	G#3	56	48	1311	224.762	G#3	56	64	
1304	232.202	Eb4	63	43	1312	224.762	Eb4	63	64	
1305	232.266	Eb4	63	11	*	-1	*	-1	-1	
1306	232.51	G#4	68	23	1315	225.079	G#4	68	64	
1307	232.792	Eb3	51	42	1316	225.397	Eb3	51	64	
1308	232.811	G#4	68	37	1317	225.397	G#4	68	64	
1309	233.102	G#3	56	48	1318	225.714	G#3	56	64	
1310	233.109	Eb4	63	42	1319	225.714	Eb4	63	64	
1311	233.417	Eb3	51	34	1320	226.032	Eb3	51	64	
1312	233.418	G#4	68	34	1321	226.032	G#4	68	64	
1313	233.716	G#4	68	42	1323	226.349	G#4	68	64	
1314	233.719	Eb3	51	36	1322	226.349	Eb3	51	64	
1315	234.012	G2	43	50	1324	226.667	G2	43	64	
1316	234.013	G3	55	51	1325	226.667	G3	55	64	
1317	234.022	Eb4	63	37	1326	226.667	Eb4	63	64	
1318	234.284	Eb3	51	42	1327	226.984	Eb3	51	64	
1319	234.321	Bb4	70	45	1328	226.984	Bb4	70	64	
1320	234.571	Eb3	51	45	1329	227.302	Eb3	51	64	
1321	234.594	Bb4	70	53	1330	227.302	Bb4	70	64	
1322	234.921	C#5	73	67	1333	227.619	C#5	73	64	
1323	234.95	G3	55	38	1331	227.619	G3	55	64	
1324	234.952	Eb4	63	46	1332	227.619	Eb4	63	64	
1325	235.235	Bb4	70	40	1335	227.936	Bb4	70	64	
1326	235.5	Bb4	70	44	1337	228.254	Bb4	70	64	
1327	235.508	Eb3	51	42	1336	228.254	Eb3	51	64	
1328	235.842	C5	72	72	1341	228.571	C5	72	64	
1329	235.863	G#3	56	55	1339	228.571	G#3	56	64	
1330	235.874	G#2	44	50	1338	228.571	G#2	44	64	
1331	235.885	Eb4	63	49	1340	228.571	Eb4	63	64	
1332	236.122	G#4	68	52	1343	228.889	G#4	68	64	
1333	236.141	Eb3	51	42	1342	228.889	Eb3	51	64	
1334	236.414	G#4	68	52	1345	229.206	G#4	68	64	
1335	236.435	Eb3	51	39	1344	229.206	Eb3	51	64	
1336	236.73	Eb5	75	77	1349	229.524	Eb5	75	64	
1337	236.757	G3	55	56	1347	229.524	G3	55	64	
1338	236.758	G2	43	56	1346	229.524	G2	43	64	
1339	236.772	Eb4	63	51	1348	229.524	Eb4	63	64	
1340	237.041	Bb4	70	53	1351	229.841	Bb4	70	64	
1341	237.047	Eb3	51	51	1350	229.841	Eb3	51	64	
1342	237.328	Bb4	70	61	1353	230.159	Bb4	70	64	
1343	237.345	Eb3	51	44	1352	230.159	Eb3	51	64	
1344	237.64	G#5	80	81	1357	230.476	G#5	80	64	
1345	237.665	F3	53	54	1355	230.476	F3	53	64	
1346	237.672	F2	41	52	1354	230.476	F2	41	64	
1347	237.675	G#4	68	59	1356	230.476	G#4	68	64	
1348	237.966	C5	72	51	1359	230.794	C5	72	64	
1349	237.979	G#2	44	44	1358	230.794	G#2	44	64	
1350	238.267	C5	72	49	1361	231.111	C5	72	64	
1351	238.269	G#2	44	43	1360	231.111	G#2	44	64	
1352	238.605	Bb5	82	78	1365	231.429	Bb5	82	64	
1353	238.643	F3	53	43	1363	231.429	F3	53	64	
1354	238.643	G#4	68	56	1364	231.429	G#4	68	64	
1355	238.647	F2	41	40	1362	231.429	F2	41	64	
1356	238.744	G#4	68	7	*	-1	*	-1	-1	
1357	238.938	G#2	44	32	1366	231.746	G#2	44	64	
1358	238.97	D5	74	35	1367	231.746	D5	74	64	
1359	239.269	G#2	44	35	1368	232.064	G#2	44	64	
1360	239.272	D5	74	43	1369	232.064	D5	74	64	
1361	239.659	Eb5	75	65	1372	232.381	Eb5	75	64	
1362	239.69	G4	67	49	1371	232.381	G4	67	64	
1363	239.699	Eb2	39	44	1370	232.381	Eb2	39	64	
1364	240.011	Bb4	70	43	1374	232.698	Bb4	70	64	
1365	240.032	G2	43	43	1373	232.698	G2	43	64	
1366	240.278	Bb4	70	49	1376	233.016	Bb4	70	64	
1367	240.308	Bb2	46	49	1375	233.016	Bb2	46	64	
1368	240.572	Eb3	51	48	1377	233.333	Eb3	51	64	
1369	240.578	G4	67	45	1378	233.333	G4	67	64	
1370	240.859	Bb4	70	48	1380	233.651	Bb4	70	64	
1371	240.882	G3	55	49	1379	233.651	G3	55	64	
1372	241.143	Bb4	70	43	1382	233.968	Bb4	70	64	
1373	241.148	Bb3	58	53	1381	233.968	Bb3	58	64	
1374	241.474	G4	67	43	1384	234.286	G4	67	64	
1375	241.476	Eb4	63	60	1383	234.286	Eb4	63	64	
1376	241.779	Bb4	70	43	1385	234.603	Bb4	70	64	
1377	242.084	Bb4	70	49	1386	234.921	Bb4	70	64	
1378	242.387	E5	76	72	1388	235.238	E5	76	64	
1379	242.427	G4	67	45	1387	235.238	G4	67	64	
1380	242.706	Bb4	70	48	1389	235.556	Bb4	70	64	
1381	242.998	Bb4	70	52	1390	235.873	Bb4	70	64	
1382	243.331	F5	77	74	1393	236.19	F5	77	64	
1383	243.371	C#2	37	42	1391	236.19	C#2	37	64	
1384	243.392	G4	67	44	1392	236.19	G4	67	64	
1385	243.682	Bb4	70	25	1395	236.508	Bb4	70	64	
1386	243.685	G2	43	35	1394	236.508	G2	43	64	
1387	243.927	Bb4	70	45	1397	236.825	Bb4	70	64	
1388	243.959	Bb2	46	48	1396	236.825	Bb2	46	64	
1389	244.225	C#3	49	48	1398	237.143	C#3	49	64	
1390	244.248	G4	67	48	1399	237.143	G4	67	64	
1391	244.54	G3	55	44	1400	237.46	G3	55	64	
1392	244.541	Bb4	70	44	1401	237.46	Bb4	70	64	
1393	244.823	Bb4	70	45	1403	237.778	Bb4	70	64	
1394	244.824	Bb3	58	46	1402	237.778	Bb3	58	64	
1395	245.139	Bb4	70	67	1406	238.095	Bb4	70	64	
1396	245.175	C#4	61	46	1404	238.095	C#4	61	64	
1397	245.185	G4	67	44	1405	238.095	G4	67	64	
1398	245.454	Eb4	63	40	1407	238.413	Eb4	63	64	
1399	245.736	Eb4	63	45	1408	238.73	Eb4	63	64	
1400	246.069	G4	67	47	1409	239.048	G4	67	64	
1401	246.357	Eb4	63	49	1410	239.365	Eb4	63	64	
1402	246.602	C5	72	59	1411	239.524	C5	72	64	
1403	246.673	Eb4	63	43	1412	239.683	Eb4	63	64	
1404	246.852	C#5	73	63	1413	239.762	C#5	73	64	
1405	247.147	Eb5	75	72	1416	240	Eb5	75	64	
1406	247.2	C4	60	36	1414	240	C4	60	64	
1407	247.211	G#4	68	31	1415	240	G#4	68	64	
1408	247.516	Eb4	63	38	1417	240.317	Eb4	63	64	
1409	247.799	Eb4	63	43	1418	240.635	Eb4	63	64	
1410	248.107	G#4	68	42	1419	240.952	G#4	68	64	
1411	248.392	Eb4	63	33	1420	241.27	Eb4	63	64	
1412	248.684	Eb4	63	41	1421	241.587	Eb4	63	64	
1413	248.985	A4	69	59	1424	241.905	A4	69	64	
1414	249.022	F3	53	52	1422	241.905	F3	53	64	
1415	249.027	Eb4	63	50	1423	241.905	Eb4	63	64	
1416	249.343	C4	60	44	1425	242.222	C4	60	64	
1417	249.619	C4	60	39	1426	242.54	C4	60	64	
1418	249.929	Eb4	63	45	1427	242.857	Eb4	63	64	
1419	250.215	C4	60	47	1428	243.175	C4	60	64	
1420	250.517	C4	60	41	1429	243.492	C4	60	64	
1421	250.844	C#5	73	65	1432	243.81	C#5	73	64	
1422	250.886	Bb2	46	47	1430	243.81	Bb2	46	64	
1423	250.892	F4	65	39	1431	243.81	F4	65	64	
1424	251.201	C#4	61	39	1433	244.127	C#4	61	64	
1425	251.465	C#4	61	48	1434	244.444	C#4	61	64	
1426	251.768	F4	65	43	1435	244.762	F4	65	64	
1427	252.09	C#4	61	41	1436	245.079	C#4	61	64	
1428	252.419	C#4	61	43	1437	245.397	C#4	61	64	
1429	252.752	Eb2	39	32	1438	245.714	Eb2	39	64	
1430	252.767	Bb2	46	35	1439	245.714	Bb2	46	64	
1431	252.767	C#5	73	61	1441	245.714	C#5	73	64	
1432	252.837	G4	67	21	1440	245.714	G4	67	64	
1433	253.156	Eb3	51	37	1442	246.032	Eb3	51	64	
1434	253.156	C5	72	65	1444	246.032	C5	72	64	
1435	253.206	C#4	61	26	1443	246.032	C#4	61	64	
1436	253.456	Bb4	70	69	1447	246.349	Bb4	70	64	
1437	253.466	Eb3	51	31	1445	246.349	Eb3	51	64	
1438	253.497	C#4	61	40	1446	246.349	C#4	61	64	
1439	253.74	Eb2	39	32	1448	246.667	Eb2	39	64	
1440	253.789	Bb4	70	68	1450	246.667	Bb4	70	64	
1441	253.826	C#4	61	51	1449	246.667	C#4	61	64	
1442	254.113	G#4	68	69	1453	246.984	G#4	68	64	
1443	254.133	Eb3	51	34	1451	246.984	Eb3	51	64	
1444	254.173	C#4	61	42	1452	246.984	C#4	61	64	
1445	254.445	G4	67	69	1456	247.302	G4	67	64	
1446	254.467	Eb3	51	28	1454	247.302	Eb3	51	64	
1447	254.51	C#4	61	27	1455	247.302	C#4	61	64	
1448	254.808	G#2	44	34	1457	247.619	G#2	44	64	
1449	254.866	G#4	68	65	1459	247.619	G#4	68	64	
1450	254.905	C4	60	41	1458	247.619	C4	60	64	
1451	255.32	Eb3	51	36	1460	247.936	Eb3	51	64	
1452	255.626	Eb3	51	42	1461	248.254	Eb3	51	64	
1453	255.73	Eb3	51	3	*	-1	*	-1	-1	
1454	255.929	Eb3	51	50	1462	248.571	Eb3	51	64	
1455	256.232	Eb3	51	46	1463	248.889	Eb3	51	64	
1456	256.559	Eb3	51	38	1464	249.206	Eb3	51	64	
1457	256.858	Eb3	51	43	1465	249.524	Eb3	51	64	
1458	257.159	Eb3	51	38	1466	249.841	Eb3	51	64	
1459	257.456	Eb3	51	44	1467	250.159	Eb3	51	64	
1460	257.806	Eb5	75	66	1469	250.476	Eb5	75	64	
1461	257.814	Eb3	51	36	1468	250.476	Eb3	51	64	
1462	258.146	Eb3	51	50	1470	250.794	Eb3	51	64	
1463	258.505	Eb3	51	34	1471	251.111	Eb3	51	64	
1464	258.625	E5	76	67	1472	251.19	E5	76	64	
1465	258.995	F5	77	72	1476	251.429	F5	77	64	
1466	259.001	Eb2	39	23	1473	251.429	Eb2	39	64	
1467	259.005	C#3	49	37	1474	251.429	C#3	49	64	
1468	259.01	Eb3	51	30	1475	251.429	Eb3	51	64	
1469	259.459	Eb2	39	35	1477	251.746	Eb2	39	64	
1470	259.46	C#3	49	25	1478	251.746	C#3	49	64	
1471	259.487	Eb3	51	33	1479	251.746	Eb3	51	64	
1472	259.818	Eb2	39	39	1480	252.064	Eb2	39	64	
1473	259.82	Eb3	51	44	1482	252.064	Eb3	51	64	
1474	259.823	C#3	49	28	1481	252.064	C#3	49	64	
1475	260.133	Eb2	39	44	1483	252.381	Eb2	39	64	
1476	260.133	C#3	49	42	1484	252.381	C#3	49	64	
1477	260.144	Eb3	51	43	1485	252.381	Eb3	51	64	
1478	260.443	C#3	49	22	1487	252.698	C#3	49	64	
1479	260.454	Eb2	39	32	1486	252.698	Eb2	39	64	
1480	260.454	Eb3	51	40	1488	252.698	Eb3	51	64	
1481	260.46	Eb5	75	55	1489	252.698	Eb5	75	64	
1482	260.752	C#5	73	62	1493	253.016	C#5	73	64	
1483	260.769	Eb2	39	26	1490	253.016	Eb2	39	64	
1484	260.771	C#3	49	22	1491	253.016	C#3	49	64	
1485	260.779	Eb3	51	33	1492	253.016	Eb3	51	64	
1486	261.063	C5	72	60	1497	253.333	C5	72	64	
1487	261.088	Eb2	39	33	1494	253.333	Eb2	39	64	
1488	261.091	Eb3	51	39	1496	253.333	Eb3	51	64	
1489	261.094	C#3	49	32	1495	253.333	C#3	49	64	
1490	261.39	Bb4	70	63	1501	253.651	Bb4	70	64	
1491	261.401	Eb2	39	32	1498	253.651	Eb2	39	64	
1492	261.405	Eb3	51	30	1500	253.651	Eb3	51	64	
1493	261.416	C#3	49	25	1499	253.651	C#3	49	64	
1494	261.72	Eb2	39	27	1502	253.968	Eb2	39	64	
1495	261.721	Eb3	51	26	1504	253.968	Eb3	51	64	
1496	261.725	C#3	49	26	1503	253.968	C#3	49	64	
1497	261.725	G#4	68	64	1505	253.968	G#4	68	64	
1498	262.073	C#3	49	34	1507	254.286	C#3	49	64	
1499	262.076	Eb2	39	38	1506	254.286	Eb2	39	64	
1500	262.081	Eb3	51	42	1508	254.286	Eb3	51	64	
1501	262.095	G4	67	56	1509	254.286	G4	67	64	
1502	262.393	C#5	73	58	1510	254.524	C#5	73	64	
1503	262.51	C#3	49	22	1512	254.603	C#3	49	64	
1504	262.519	Eb3	51	33	1513	254.603	Eb3	51	64	
1505	262.53	Eb2	39	46	1511	254.603	Eb2	39	64	
1506	262.701	Bb4	70	62	1514	254.762	Bb4	70	64	
1507	262.857	Eb2	39	25	1515	254.921	Eb2	39	64	
1508	262.881	C#3	49	17	1516	254.921	C#3	49	64	
1509	262.904	Eb3	51	37	1517	254.921	Eb3	51	64	
1510	263.013	G4	67	61	1518	255	G4	67	64	
1511	263.326	Eb3	51	26	1521	255.238	Eb3	51	64	
1512	263.328	G#2	44	30	1519	255.238	G#2	44	64	
1513	263.359	C3	48	36	1520	255.238	C3	48	64	
1514	263.401	G#4	68	64	1524	255.353	G#4	68	64	
1515	263.722	Eb3	51	40	1526	255.556	Eb3	51	64	
1516	263.858	Bb4	70	59	1528	255.595	Bb4	70	64	
1517	263.951	G#4	68	61	1529	255.675	G#4	68	64	
1518	264.033	G4	67	58	1530	255.714	G4	67	64	
1519	264.144	G#4	68	61	1531	255.754	G#4	68	64	
1520	264.166	Eb3	51	44	1532	255.873	Eb3	51	64	
1521	264.273	C5	72	54	1533	255.952	C5	72	64	
1522	264.451	Eb4	63	56	1535	256.19	Eb4	63	64	
1523	264.453	Eb3	51	33	1534	256.19	Eb3	51	64	
1524	264.747	Eb3	51	44	1536	256.508	Eb3	51	64	
1525	265.06	Eb3	51	45	1537	256.825	Eb3	51	64	
1526	265.384	Eb3	51	41	1538	257.143	Eb3	51	64	
1527	265.661	Eb3	51	45	1539	257.46	Eb3	51	64	
1528	265.984	Eb3	51	46	1540	257.778	Eb3	51	64	
1529	266.292	Eb6	87	71	1543	258.095	Eb6	87	64	
1530	266.307	Eb3	51	40	1541	258.095	Eb3	51	64	
1531	266.323	Eb5	75	43	1542	258.095	Eb5	75	64	
1532	266.666	Eb3	51	43	1544	258.413	Eb3	51	64	
1533	266.999	Eb3	51	42	1545	258.73	Eb3	51	64	
1534	267.135	E6	88	75	1547	258.81	E6	88	64	
1535	267.178	E5	76	54	1546	258.81	E5	76	64	
1536	267.459	Eb3	51	39	1550	259.048	Eb3	51	64	
1537	267.463	C#3	49	36	1549	259.048	C#3	49	64	
1538	267.474	Eb2	39	39	1548	259.048	Eb2	39	64	
1539	267.494	F6	89	79	1552	259.048	F6	89	64	
1540	267.512	F5	77	62	1551	259.048	F5	77	64	
1541	267.929	C#3	49	30	1554	259.365	C#3	49	64	
1542	267.934	Eb3	51	42	1555	259.365	Eb3	51	64	
1543	267.936	Eb2	39	39	1553	259.365	Eb2	39	64	
1544	268.268	Eb2	39	41	1556	259.683	Eb2	39	64	
1545	268.271	C#3	49	36	1557	259.683	C#3	49	64	
1546	268.276	Eb3	51	43	1558	259.683	Eb3	51	64	
1547	268.62	C#3	49	38	1560	260	C#3	49	64	
1548	268.633	Eb3	51	45	1561	260	Eb3	51	64	
1549	268.641	Eb2	39	41	1559	260	Eb2	39	64	
1550	268.948	Eb6	87	63	1566	260.317	Eb6	87	64	
1551	268.951	Eb2	39	32	1562	260.317	Eb2	39	64	
1552	268.962	Eb3	51	23	1564	260.317	Eb3	51	64	
1553	268.963	C#3	49	3	1563	260.317	C#3	49	64	
1554	268.97	Eb5	75	44	1565	260.317	Eb5	75	64	
1555	269.28	C#6	85	66	1571	260.635	C#6	85	64	
1556	269.317	C#5	73	44	1570	260.635	C#5	73	64	
1557	269.325	Eb2	39	36	1567	260.635	Eb2	39	64	
1558	269.325	C#3	49	30	1568	260.635	C#3	49	64	
1559	269.332	Eb3	51	21	1569	260.635	Eb3	51	64	
1560	269.652	C6	84	60	1576	260.952	C6	84	64	
1561	269.657	C#3	49	20	1573	260.952	C#3	49	64	
1562	269.659	Eb2	39	22	1572	260.952	Eb2	39	64	
1563	269.685	Eb3	51	31	1574	260.952	Eb3	51	64	
1564	269.688	C5	72	41	1575	260.952	C5	72	64	
1565	270.037	C#3	49	13	1578	261.27	C#3	49	64	
1566	270.037	Bb5	82	56	1581	261.27	Bb5	82	64	
1567	270.041	Eb2	39	28	1577	261.27	Eb2	39	64	
1568	270.046	Bb4	70	49	1580	261.27	Bb4	70	64	
1569	270.055	Eb3	51	24	1579	261.27	Eb3	51	64	
1570	270.425	C#3	49	26	1583	261.587	C#3	49	64	
1571	270.432	G#5	80	54	1586	261.587	G#5	80	64	
1572	270.447	Eb2	39	34	1582	261.587	Eb2	39	64	
1573	270.45	Eb3	51	31	1584	261.587	Eb3	51	64	
1574	270.454	G#4	68	42	1585	261.587	G#4	68	64	
1575	270.885	G5	79	49	1591	261.905	G5	79	64	
1576	270.891	C#3	49	29	1588	261.905	C#3	49	64	
1577	270.892	G4	67	39	1590	261.905	G4	67	64	
1578	270.893	Eb2	39	35	1587	261.905	Eb2	39	64	
1579	270.918	Eb3	51	14	1589	261.905	Eb3	51	64	
1580	271.348	C#3	49	30	1593	262.222	C#3	49	64	
1581	271.361	Eb2	39	31	1592	262.222	Eb2	39	64	
1582	271.368	C#5	73	38	1595	262.222	C#5	73	64	
1583	271.369	C#6	85	47	1596	262.222	C#6	85	64	
1584	271.374	Eb3	51	21	1594	262.222	Eb3	51	64	
1585	271.907	G5	79	51	1601	262.54	G5	79	64	
1586	271.911	C#3	49	28	1598	262.54	C#3	49	64	
1587	271.93	G4	67	34	1600	262.54	G4	67	64	
1588	271.939	Eb2	39	23	1597	262.54	Eb2	39	64	
1589	271.951	Eb3	51	7	1599	262.54	Eb3	51	64	
1590	272.606	G#5	80	44	1606	262.857	G#5	80	64	
1591	272.621	G#4	68	36	1605	262.857	G#4	68	64	
1592	272.63	G#2	44	29	1602	262.857	G#2	44	64	
1593	272.644	C3	48	35	1603	262.857	C3	48	64	
1594	272.667	Eb3	51	15	1604	262.857	Eb3	51	64	
1595	275.169	Eb5	75	56	1609	264.762	Eb5	75	64	
1596	275.202	G4	67	44	1608	264.762	G4	67	64	
1597	275.209	Eb4	63	42	1607	264.762	Eb4	63	64	
1598	275.218	C#5	73	58	1610	264.825	C#5	73	64	
1599	275.678	C5	72	65	1611	265.079	C5	72	64	
1600	276.021	C#5	73	71	1612	265.397	C#5	73	64	
1601	276.325	F5	77	57	1613	265.714	F5	77	64	
1602	276.694	Eb5	75	50	1614	266.032	Eb5	75	64	
1603	277.063	C#5	73	47	1615	266.349	C#5	73	64	
1604	277.526	C5	72	40	1618	266.667	C5	72	64	
1605	277.542	G#3	56	27	1616	266.667	G#3	56	64	
1606	277.544	G#4	68	29	1617	266.667	G#4	68	64	
1607	279.825	C5	72	57	1621	268.571	C5	72	64	
1608	279.861	C#4	61	37	1620	268.571	C#4	61	64	
1609	279.87	G4	67	49	*	-1	*	-1	-1	
1610	279.872	Bb4	70	55	*	-1	*	-1	-1	
1611	279.877	Eb3	51	34	1619	268.571	Eb3	51	64	
1612	280.308	A4	69	61	1623	268.889	A4	69	64	
1613	280.644	Bb4	70	65	1624	269.206	Bb4	70	64	
1614	281.013	C#5	73	60	1625	269.524	C#5	73	64	
1615	281.361	C5	72	42	1626	269.841	C5	72	64	
1616	281.778	Bb4	70	43	1627	270.159	Bb4	70	64	
1617	282.252	G#4	68	44	1630	270.476	G#4	68	64	
1618	282.264	C4	60	35	1629	270.476	C4	60	64	
1619	282.266	G#3	56	27	1628	270.476	G#3	56	64	
1620	284.594	C4	60	54	1633	272.381	C4	60	64	
1621	284.626	Eb2	39	32	1631	272.381	Eb2	39	64	
1622	284.638	C#3	49	42	1632	272.381	C#3	49	64	
1623	284.638	G3	55	50	*	-1	*	-1	-1	
1624	284.642	Bb3	58	64	1634	272.444	Bb3	58	64	
1625	285.153	A3	57	56	1635	272.698	A3	57	64	
1626	285.514	Bb3	58	62	1636	273.016	Bb3	58	64	
1627	285.908	C#4	61	54	1637	273.333	C#4	61	64	
1628	286.282	C4	60	42	1638	273.651	C4	60	64	
1629	286.734	Bb3	58	40	1639	273.968	Bb3	58	64	
1630	287.224	G#3	56	35	1642	274.286	G#3	56	64	
1631	287.238	G#2	44	22	1640	274.286	G#2	44	64	
1632	287.247	C3	48	28	1641	274.286	C3	48	64	
1633	288.573	G#3	56	35	1646	275.238	G#3	56	64	
1634	288.595	C3	48	27	1644	275.238	C3	48	64	
1635	288.6	Eb3	51	30	1645	275.238	Eb3	51	64	
1636	288.615	G#1	32	32	1643	275.238	G#1	32	64	
1637	290.277	G#3	56	34	1650	276.19	G#3	56	64	
1638	290.287	C3	48	42	1649	276.19	C3	48	64	
1639	290.288	G#1	32	29	1647	276.19	G#1	32	64	
1640	290.293	G#2	44	24	1648	276.19	G#2	44	64	
*	-1	*	-1	-1	350	74.2857	Eb5	75	64	
*	-1	*	-1	-1	351	74.4048	D5	74	64	
*	-1	*	-1	-1	387	78.4524	F4	65	64	
*	-1	*	-1	-1	392	79.0476	F4	65	64	
*	-1	*	-1	-1	748	152.381	B3	59	64	
*	-1	*	-1	-1	828	159.683	B2	47	64	
*	-1	*	-1	-1	950	172.381	B3	59	64	
*	-1	*	-1	-1	1017	180	B1	35	64	
*	-1	*	-1	-1	1035	181.27	B3	59	64	
*	-1	*	-1	-1	1054	183.175	D3	50	64	
*	-1	*	-1	-1	1079	185.079	B3	59	64	
*	-1	*	-1	-1	1082	185.397	B3	59	64	
*	-1	*	-1	-1	1089	186.032	B3	59	64	
*	-1	*	-1	-1	1092	186.349	B3	59	64	
*	-1	*	-1	-1	1134	189.841	G3	55	64	
*	-1	*	-1	-1	1138	190.159	G3	55	64	
*	-1	*	-1	-1	1139	190.159	Bb3	58	64	
*	-1	*	-1	-1	1314	225.079	Eb3	51	64	
*	-1	*	-1	-1	1334	227.936	Eb3	51	64	
*	-1	*	-1	-1	1522	255.238	G#4	68	64	
*	-1	*	-1	-1	1523	255.238	Bb4	70	64	
*	-1	*	-1	-1	1525	255.472	G4	67	64	
*	-1	*	-1	-1	1527	255.595	G#4	68	64	
*	-1	*	-1	-1	1622	268.635	Bb4	70	64	
*	-1	*	-1	-1	352	74.5238	C5	72	64	
*	-1	*	-1	-1	356	74.7619	G#4	68	64	
*	-1	*	-1	-1	384	78.0952	G4	67	64	
*	-1	*	-1	-1	386	78.3294	Eb4	63	64	
